04 00 04 00 17 00 00 00 10 00 45 00 08 F2 17 10 03 3A 3E 08 0E 1A 3A 01 F8 DE 9D 78 66 06 00 00 03 00 40 67 07 A1 5D 00 00 00 00 00 00 00 00 00 00 00 00 00 00 00 00 62 10 62 10 62 10 2F 03 CC FF 6E 06 2F 03 CE FF 6C 02 29 48 D7 36 21 5E 00 00
04 00 04 00 17 00 00 00 10 00 45 00 08 F3 17 10 03 3A 3E 08 0E 1A 3A 01 B8 90 01 7B 66 06 00 00 03 00 42 FF A3 A1 5D 00 00 00 00 00 00 00 00 00 00 00 00 00 00 00 00 03 00 03 00 03 00 2E 03 CD FF 6D 06 2F 03 CE FF 6C 02 66 4A E3 36 29 5E 00 00
04 00 04 00 17 00 00 00 10 00 45 00 08 F4 17 10 03 3A 3E 08 0E 1A 3A 01 90 3E 65 7D 66 06 00 00 03 00 42 96 40 A2 5D 00 00 00 00 00 00 00 00 00 00 00 00 01 00 00 00 03 00 03 00 03 00 2E 03 CD FF 6F 06 2F 03 CE FF 6C 02 79 7C BF 36 31 5E 00 00
04 00 04 00 17 00 00 00 10 00 45 00 08 F5 17 10 03 3A 3E 08 0E 1A 3A 01 50 F0 C8 7F 66 06 00 00 03 00 43 2E DD A2 5D 00 00 00 00 3B 07 79 72 00 00 00 00 00 00 00 00 03 00 03 00 03 00 01 00 00 00 02 00 2F 03 CE FF 6C 02 06 02 B4 36 39 5E 00 00
04 00 04 00 17 00 00 00 10 00 45 00 08 F6 17 10 03 3A 3E 08 0E 1A 3A 01 10 A2 2C 82 66 06 00 00 03 00 43 C6 79 A3 5D 00 00 00 00 3B 07 79 72 00 00 00 00 00 00 00 00 03 00 03 00 03 00 02 00 00 00 02 00 2F 03 CE FF 6C 02 AB 08 B6 36 41 5E 00 00
04 00 04 00 17 00 00 00 10 00 45 00 08 F7 17 10 03 3A 3E 08 0E 1A 3A 01 D0 53 90 84 66 06 00 00 03 00 43 5E 16 A4 5D 00 00 00 00 3E 07 84 72 02 00 00 00 00 00 00 00 03 00 03 00 03 00 03 00 00 00 00 00 2F 03 CE FF 6D 02 C0 F3 CA 36 49 5E 00 00
04 00 04 00 17 00 00 00 10 00 45 00 08 F8 17 10 03 3A 3E 08 0E 1A 3A 01 90 05 F4 86 66 06 00 00 03 00 43 F6 B2 A4 5D 00 00 00 00 3D 07 81 72 01 00 00 00 00 00 00 00 03 00 03 00 03 00 02 00 00 00 01 00 2F 03 CE FF 6D 02 AA BF C3 36 51 5E 00 00
04 00 04 00 17 00 00 00 10 00 45 00 08 F9 17 10 03 3A 3E 08 0E 1A 3A 01 50 B7 57 89 66 06 00 00 03 00 43 8E 4F A5 5D 00 00 00 00 3C 07 7F 72 00 00 00 00 00 00 00 00 03 00 03 00 03 00 02 00 00 00 00 00 2F 03 CE FF 6D 02 AD 91 A3 36 59 5E 00 00
04 00 04 00 17 00 00 00 10 00 45 00 08 FA 17 10 03 3A 3E 08 0E 1A 3A 01 10 69 BB 8B 66 06 00 00 03 00 43 26 EC A5 5D 00 00 00 00 3C 07 80 72 FF FF 00 00 00 00 00 00 04 00 04 00 04 00 01 00 00 00 00 00 2F 03 CE FF 6D 02 1D 91 AA 36 61 5E 00 00
04 00 04 00 17 00 00 00 10 00 45 00 08 FB 17 10 03 3A 3E 08 0E 1A 3A 01 D0 1A 1F 8E 66 06 00 00 03 00 43 BE 88 A6 5D 00 00 00 00 3D 07 7F 72 00 00 01 00 00 00 00 00 04 00 04 00 04 00 02 00 00 00 01 00 2F 03 CE FF 6D 02 BA F4 B0 36 69 5E 00 00
04 00 04 00 17 00 00 00 10 00 45 00 08 FC 17 10 03 3A 3E 08 0E 1A 3A 01 A8 C8 82 90 66 06 00 00 03 00 43 55 25 A7 5D 00 00 00 00 3E 07 7F 72 01 00 00 00 01 00 01 00 04 00 04 00 04 00 02 00 00 00 00 00 2F 03 CE FF 6D 02 33 B8 9C 36 71 5E 00 00
04 00 04 00 17 00 00 00 10 00 45 00 08 FD 17 10 03 3A 3E 08 0E 1A 3A 01 68 7A E6 92 66 06 00 00 03 00 43 ED C1 A7 5D 00 00 00 00 3D 07 7D 72 00 00 00 00 00 00 00 00 04 00 04 00 04 00 02 00 00 00 01 00 2F 03 CE FF 6D 02 BB 96 99 36 79 5E 00 00
04 00 04 00 17 00 00 00 10 00 45 00 08 FE 17 10 03 3A 3E 08 0E 1A 3A 01 28 2C 4A 95 66 06 00 00 03 00 43 85 5E A8 5D 00 00 00 00 3E 07 7D 72 01 00 00 00 00 00 00 00 04 00 04 00 04 00 01 00 00 00 02 00 2F 03 CE FF 6D 02 A0 A1 AC 36 81 5E 00 00
04 00 04 00 17 00 00 00 10 00 45 00 08 FF 17 10 03 3A 3E 08 0E 1A 3A 01 E8 DD AD 97 66 06 00 00 03 00 43 1D FB A8 5D 00 00 00 00 3E 07 7D 72 00 00 01 00 01 00 01 00 04 00 04 00 04 00 01 00 00 00 01 00 2F 03 CE FF 6D 02 93 AE B9 36 89 5E 00 00
04 00 04 00 17 00 00 00 10 00 45 00 08 80 18 10 03 3A 3E 08 0E 1A 3A 01 A8 8F 11 9A 66 06 00 00 03 00 43 B5 97 A9 5D 00 00 00 00 3F 07 7D 72 00 00 00 00 00 00 00 00 04 00 04 00 04 00 02 00 00 00 02 00 2F 03 CD FF 6D 02 51 EF BD 36 91 5E 00 00
04 00 04 00 17 00 00 00 10 00 45 00 08 81 18 10 03 3A 3E 08 0E 1A 3A 01 80 3D 75 9C 66 06 00 00 03 00 43 4C 34 AA 5D 00 00 00 00 3E 07 7D 72 00 00 00 00 00 00 00 00 04 00 04 00 04 00 00 00 FF FF 00 00 2E 03 CD FF 6D 02 D2 88 BB 36 99 5E 00 00
04 00 04 00 17 00 00 00 10 00 45 00 08 82 18 10 03 3A 3E 08 0E 1A 3A 01 40 EF D8 9E 66 06 00 00 03 00 43 E4 D0 AA 5D 00 00 00 00 3F 07 7C 72 00 00 01 00 01 00 00 00 04 00 04 00 04 00 01 00 00 00 00 00 2E 03 CD FF 6D 02 67 34 B9 36 A1 5E 00 00
04 00 04 00 17 00 00 00 10 00 45 00 08 83 18 10 03 3A 3E 08 0E 1A 3A 01 00 A1 3C A1 66 06 00 00 03 00 43 7C 6D AB 5D 00 00 00 00 3F 07 7D 72 FF FF 00 00 00 00 00 00 04 00 04 00 04 00 00 00 FF FF 00 00 2E 03 CD FF 6D 02 A9 31 AE 36 A9 5E 00 00
04 00 04 00 17 00 00 00 10 00 45 00 08 84 18 10 03 3A 3E 08 0E 1A 3A 01 C0 52 A0 A3 66 06 00 00 03 00 43 14 0A AC 5D 00 00 00 00 40 07 7D 72 FF FF FF FF 01 00 00 00 04 00 04 00 04 00 03 00 00 00 01 00 2E 03 CD FF 6D 02 95 47 CA 36 B1 5E 00 00
04 00 04 00 17 00 00 00 10 00 45 00 08 85 18 10 03 3A 3E 08 0E 1A 3A 01 80 04 04 A6 66 06 00 00 03 00 43 AC A6 AC 5D 00 00 00 00 40 07 7C 72 00 00 00 00 00 00 00 00 04 00 04 00 04 00 00 00 FF FF 00 00 2E 03 CD FF 6D 02 BB B3 BF 36 B9 5E 00 00
04 00 04 00 17 00 00 00 10 00 45 00 08 86 18 10 03 3A 3E 08 0E 1A 3A 01 58 B2 67 A8 66 06 00 00 03 00 43 43 43 AD 5D 00 00 00 00 40 07 7C 72 00 00 00 00 00 00 00 00 04 00 04 00 04 00 01 00 00 00 00 00 2E 03 CD FF 6D 02 06 0F C6 36 C1 5E 00 00
04 00 04 00 17 00 00 00 10 00 45 00 08 87 18 10 03 3A 3E 08 0E 1A 3A 01 18 64 CB AA 66 06 00 00 03 00 43 DB DF AD 5D 00 00 00 00 40 07 7C 72 00 00 00 00 FF FF 00 00 04 00 04 00 04 00 01 00 00 00 01 00 2E 03 CD FF 6D 02 7B EE BD 36 C9 5E 00 00
04 00 04 00 17 00 00 00 10 00 45 00 08 88 18 10 03 3A 3E 08 0E 1A 3A 01 D8 15 2F AD 66 06 00 00 03 00 43 73 7C AE 5D 00 00 00 00 40 07 7B 72 00 00 00 00 00 00 00 00 04 00 04 00 04 00 02 00 00 00 00 00 2E 03 CD FF 6D 02 DF 9B DA 36 D1 5E 00 00
04 00 04 00 17 00 00 00 10 00 45 00 08 89 18 10 03 3A 3E 08 0E 1A 3A 01 98 C7 92 AF 66 06 00 00 03 00 43 0B 19 AF 5D 00 00 00 00 41 07 7C 72 01 00 00 00 00 00 00 00 04 00 04 00 04 00 03 00 00 00 01 00 2E 03 CD FF 6D 02 8F CB E2 36 D9 5E 00 00
04 00 04 00 17 00 00 00 10 00 45 00 08 8A 18 10 03 3A 3E 08 0E 1A 3A 01 70 75 F6 B1 66 06 00 00 03 00 43 A2 B5 AF 5D 00 00 00 00 41 07 7B 72 00 00 00 00 00 00 00 00 04 00 04 00 04 00 02 00 00 00 00 00 2E 03 CD FF 6D 02 26 7A DE 36 E1 5E 00 00
04 00 04 00 17 00 00 00 10 00 45 00 08 8B 18 10 03 3A 3E 08 0E 1A 3A 01 30 27 5A B4 66 06 00 00 03 00 43 3A 52 B0 5D 00 00 00 00 41 07 7B 72 00 00 00 00 00 00 00 00 04 00 04 00 04 00 01 00 00 00 00 00 2E 03 CD FF 6D 02 99 BC BD 36 E9 5E 00 00
04 00 04 00 17 00 00 00 10 00 45 00 08 8C 18 10 03 3A 3E 08 0E 1A 3A 01 F0 D8 BD B6 66 06 00 00 03 00 43 D2 EE B0 5D 00 00 00 00 41 07 7B 72 00 00 00 00 00 00 00 00 04 00 04 00 04 00 01 00 00 00 01 00 2E 03 CD FF 6D 02 6D 51 BA 36 F1 5E 00 00
04 00 04 00 17 00 00 00 10 00 45 00 08 8D 18 10 03 3A 3E 08 0E 1A 3A 01 B0 8A 21 B9 66 06 00 00 03 00 43 6A 8B B1 5D 00 00 00 00 41 07 7B 72 FF FF 00 00 01 00 00 00 04 00 04 00 04 00 02 00 00 00 02 00 2E 03 CD FF 6E 02 C5 03 D4 36 F9 5E 00 00
04 00 04 00 17 00 00 00 10 00 45 00 08 8E 18 10 03 3A 3E 08 0E 1A 3A 01 88 38 85 BB 66 06 00 00 03 00 43 01 28 B2 5D 00 00 00 00 41 07 7B 72 FF FF 00 00 FF FF 00 00 03 00 03 00 03 00 01 00 01 00 01 00 2E 03 CD FF 6E 02 E8 E5 C9 36 01 5F 00 00
04 00 04 00 17 00 00 00 10 00 45 00 08 8F 18 10 03 3A 3E 08 0E 1A 3A 01 48 EA E8 BD 66 06 00 00 03 00 43 99 C4 B2 5D 00 00 00 00 41 07 7B 72 00 00 00 00 00 00 00 00 03 00 03 00 03 00 00 00 00 00 00 00 2E 03 CD FF 6E 02 C8 5F B9 36 09 5F 00 00
04 00 04 00 17 00 00 00 10 00 45 00 08 90 18 10 03 3A 3E 08 0E 1A 3A 01 08 9C 4C C0 66 06 00 00 03 00 43 31 61 B3 5D 00 00 00 00 40 07 7B 72 FF FF FF FF 00 00 00 00 03 00 03 00 03 00 01 00 00 00 01 00 2E 03 CD FF 6E 02 83 C4 9D 36 11 5F 00 00
04 00 04 00 17 00 00 00 10 00 45 00 08 91 18 10 03 3A 3E 08 0E 1A 3A 01 C8 4D B0 C2 66 06 00 00 03 00 43 C9 FD B3 5D 00 00 00 00 41 07 7B 72 FF FF 00 00 00 00 00 00 03 00 03 00 03 00 02 00 01 00 00 00 2E 03 CD FF 6E 02 F9 0A 9E 36 19 5F 00 00
04 00 04 00 17 00 00 00 10 00 45 00 08 92 18 10 03 3A 3E 08 0E 1A 3A 01 A0 FB 13 C5 66 06 00 00 03 00 43 60 9A B4 5D 00 00 00 00 41 07 7B 72 FF FF FF FF 00 00 00 00 03 00 03 00 03 00 02 00 00 00 00 00 2E 03 CD FF 6E 02 54 B2 96 36 21 5F 00 00
04 00 04 00 17 00 00 00 10 00 45 00 08 93 18 10 03 3A 3E 08 0E 1A 3A 01 60 AD 77 C7 66 06 00 00 03 00 43 F8 36 B5 5D 00 00 00 00 40 07 7B 72 FE FF 00 00 00 00 00 00 03 00 03 00 03 00 01 00 00 00 02 00 2E 03 CD FF 6E 02 FB 64 A2 36 29 5F 00 00
04 00 04 00 17 00 00 00 10 00 45 00 08 94 18 10 03 3A 3E 08 0E 1A 3A 01 20 5F DB C9 66 06 00 00 03 00 43 90 D3 B5 5D 00 00 00 00 40 07 7B 72 FF FF 00 00 00 00 00 00 03 00 03 00 03 00 01 00 00 00 01 00 2E 03 CD FF 6E 02 21 48 9D 36 31 5F 00 00
04 00 04 00 17 00 00 00 10 00 45 00 08 95 18 10 03 3A 3E 08 0E 1A 3A 01 E0 10 3F CC 66 06 00 00 03 00 43 28 70 B6 5D 00 00 00 00 40 07 7A 72 FF FF 00 00 00 00 00 00 03 00 03 00 03 00 03 00 00 00 00 00 2E 03 CD FF 6E 02 93 25 AC 36 39 5F 00 00
04 00 04 00 17 00 00 00 10 00 45 00 08 96 18 10 03 3A 3E 08 0E 1A 3A 01 B8 BE A2 CE 66 06 00 00 03 00 43 BF 0C B7 5D 00 00 00 00 40 07 7B 72 FF FF 00 00 00 00 00 00 03 00 03 00 03 00 02 00 00 00 02 00 2E 03 CD FF 6E 02 7B 3B CB 36 41 5F 00 00
04 00 04 00 17 00 00 00 10 00 45 00 08 97 18 10 03 3A 3E 08 0E 1A 3A 01 78 70 06 D1 66 06 00 00 03 00 43 57 A9 B7 5D 00 00 00 00 40 07 7A 72 FF FF 00 00 00 00 00 00 03 00 03 00 03 00 02 00 00 00 02 00 2E 03 CD FF 6E 02 9C 2B E3 36 49 5F 00 00
04 00 04 00 17 00 00 00 10 00 45 00 08 98 18 10 03 3A 3E 08 0E 1A 3A 01 38 22 6A D3 66 06 00 00 03 00 43 EF 45 B8 5D 00 00 00 00 40 07 7A 72 FF FF 00 00 00 00 00 00 03 00 03 00 03 00 01 00 FF FF 02 00 2E 03 CD FF 6E 02 F1 0D E8 36 51 5F 00 00
04 00 04 00 17 00 00 00 10 00 45 00 08 99 18 10 03 3A 3E 08 0E 1A 3A 01 F8 D3 CD D5 66 06 00 00 03 00 43 87 E2 B8 5D 00 00 00 00 40 07 7A 72 FF FF 00 00 00 00 00 00 03 00 03 00 03 00 01 00 00 00 02 00 2E 03 CD FF 6E 02 F0 1A DF 36 59 5F 00 00
04 00 04 00 17 00 00 00 10 00 45 00 08 9A 18 10 03 3A 3E 08 0E 1A 3A 01 D0 81 31 D8 66 06 00 00 03 00 43 1E 7F B9 5D 00 00 00 00 40 07 7A 72 FF FF 00 00 00 00 00 00 03 00 03 00 03 00 01 00 FF FF 01 00 2E 03 CD FF 6E 02 BB 9A CB 36 61 5F 00 00
04 00 04 00 17 00 00 00 10 00 45 00 08 9B 18 10 03 3A 3E 08 0E 1A 3A 01 90 33 95 DA 66 06 00 00 03 00 43 B6 1B BA 5D 00 00 00 00 40 07 7A 72 FF FF 00 00 FF FF 00 00 03 00 03 00 03 00 02 00 00 00 00 00 2E 03 CD FF 6E 02 85 AF D3 36 69 5F 00 00
04 00 04 00 17 00 00 00 10 00 45 00 08 9C 18 10 03 3A 3E 08 0E 1A 3A 01 50 E5 F8 DC 66 06 00 00 03 00 43 4E B8 BA 5D 00 00 00 00 40 07 7A 72 FF FF 00 00 00 00 00 00 03 00 03 00 03 00 01 00 00 00 01 00 2E 03 CD FF 6E 02 47 33 C4 36 71 5F 00 00
04 00 04 00 17 00 00 00 10 00 45 00 08 9D 18 10 03 3A 3E 08 0E 1A 3A 01 10 97 5C DF 66 06 00 00 03 00 43 E6 54 BB 5D 00 00 00 00 41 07 7A 72 FE FF 00 00 00 00 00 00 03 00 03 00 03 00 00 00 00 00 00 00 2E 03 CD FF 6E 02 5D 2C 9C 36 79 5F 00 00
04 00 04 00 17 00 00 00 10 00 45 00 08 9E 18 10 03 3A 3E 08 0E 1A 3A 01 E8 44 C0 E1 66 06 00 00 03 00 43 7D F1 BB 5D 00 00 00 00 42 07 7A 72 FE FF 00 00 00 00 00 00 03 00 03 00 03 00 01 00 FF FF 01 00 2E 03 CD FF 6E 02 0B 5E A3 36 81 5F 00 00
04 00 04 00 17 00 00 00 10 00 45 00 08 9F 18 10 03 3A 3E 08 0E 1A 3A 01 A8 F6 23 E4 66 06 00 00 03 00 43 15 8E BC 5D 00 00 00 00 42 07 7A 72 FE FF 00 00 FF FF 00 00 03 00 03 00 03 00 01 00 00 00 02 00 2E 03 CD FF 6E 02 D9 21 A3 36 89 5F 00 00
04 00 04 00 17 00 00 00 10 00 45 00 08 A0 18 10 03 3A 3E 08 0E 1A 3A 01 68 A8 87 E6 66 06 00 00 03 00 43 AD 2A BD 5D 00 00 00 00 41 07 79 72 FE FF 00 00 00 00 00 00 03 00 03 00 03 00 01 00 00 00 00 00 2E 03 CD FF 6E 02 82 84 A9 36 91 5F 00 00
04 00 04 00 17 00 00 00 10 00 45 00 08 A1 18 10 03 3A 3E 08 0E 1A 3A 01 40 56 EB E8 66 06 00 00 03 00 43 44 C7 BD 5D 00 00 00 00 42 07 7A 72 FE FF 00 00 00 00 00 00 03 00 03 00 03 00 02 00 00 00 00 00 2E 03 CD FF 6E 02 44 90 A7 36 99 5F 00 00
04 00 04 00 17 00 00 00 10 00 45 00 08 A2 18 10 03 3A 3E 08 0E 1A 3A 01 00 08 4F EB 66 06 00 00 03 00 43 DC 63 BE 5D 00 00 00 00 42 07 7A 72 FE FF 00 00 00 00 00 00 03 00 03 00 03 00 02 00 00 00 02 00 2E 03 CD FF 6E 02 FD 3C BA 36 A1 5F 00 00
04 00 04 00 17 00 00 00 10 00 45 00 08 A3 18 10 03 3A 3E 08 0E 1A 3A 01 C0 B9 B2 ED 66 06 00 00 03 00 43 74 00 BF 5D 00 00 00 00 42 07 7A 72 FE FF 00 00 01 00 00 00 03 00 03 00 03 00 02 00 00 00 01 00 2E 03 CD FF 6E 02 D2 05 C7 36 A9 5F 00 00
04 00 04 00 17 00 00 00 10 00 45 00 08 A4 18 10 03 3A 3E 08 0E 1A 3A 01 80 6B 16 F0 66 06 00 00 03 00 43 0C 9D BF 5D 00 00 00 00 41 07 7A 72 FF FF 00 00 01 00 00 00 03 00 03 00 03 00 02 00 00 00 00 00 2E 03 CD FF 6E 02 AB 49 BF 36 B1 5F 00 00
04 00 04 00 17 00 00 00 10 00 45 00 08 A5 18 10 03 3A 3E 08 0E 1A 3A 01 58 19 7A F2 66 06 00 00 03 00 43 A3 39 C0 5D 00 00 00 00 41 07 7A 72 FF FF 00 00 00 00 00 00 03 00 03 00 03 00 01 00 00 00 02 00 2E 03 CD FF 6E 02 31 2E CD 36 B9 5F 00 00
04 00 04 00 17 00 00 00 10 00 45 00 08 A6 18 10 03 3A 3E 08 0E 1A 3A 01 18 CB DD F4 66 06 00 00 03 00 43 3B D6 C0 5D 00 00 00 00 41 07 7A 72 FF FF 00 00 00 00 00 00 03 00 03 00 03 00 01 00 00 00 00 00 2E 03 CD FF 6E 02 09 DB B5 36 C1 5F 00 00
04 00 04 00 17 00 00 00 10 00 45 00 08 A7 18 10 03 3A 3E 08 0E 1A 3A 01 D8 7C 41 F7 66 06 00 00 03 00 43 D3 72 C1 5D 00 00 00 00 41 07 7A 72 FF FF 00 00 FF FF 00 00 03 00 03 00 03 00 03 00 00 00 01 00 2E 03 CD FF 6E 02 C9 F9 CA 36 C9 5F 00 00
04 00 04 00 17 00 00 00 10 00 45 00 08 A8 18 10 03 3A 3E 08 0E 1A 3A 01 98 2E A5 F9 66 06 00 00 03 00 43 6B 0F C2 5D 00 00 00 00 42 07 7A 72 FF FF 00 00 01 00 00 00 03 00 03 00 03 00 01 00 00 00 02 00 2E 03 CD FF 6E 02 5E 1C C2 36 D1 5F 00 00
04 00 04 00 17 00 00 00 10 00 45 00 08 A9 18 10 03 3A 3E 08 0E 1A 3A 01 70 DC 08 FC 66 06 00 00 03 00 43 02 AC C2 5D 00 00 00 00 42 07 7A 72 FF FF FF FF 00 00 00 00 03 00 03 00 03 00 02 00 00 00 00 00 2E 03 CD FF 6E 02 85 D9 B3 36 D9 5F 00 00
04 00 04 00 17 00 00 00 10 00 45 00 08 AA 18 10 03 3A 3E 08 0E 1A 3A 01 30 8E 6C FE 66 06 00 00 03 00 43 9A 48 C3 5D 00 00 00 00 42 07 7A 72 00 00 00 00 00 00 00 00 03 00 03 00 03 00 01 00 01 00 00 00 2E 03 CD FF 6E 02 89 F5 D3 36 E1 5F 00 00
04 00 04 00 17 00 00 00 10 00 45 00 08 AB 18 10 03 3A 3E 08 0E 1A 3A 01 F0 3F D0 00 67 06 00 00 03 00 43 32 E5 C3 5D 00 00 00 00 42 07 7A 72 FF FF 00 00 00 00 00 00 03 00 03 00 03 00 02 00 00 00 02 00 2E 03 CD FF 6E 02 5E 85 D3 36 E9 5F 00 00
04 00 04 00 17 00 00 00 10 00 45 00 08 AC 18 10 03 3A 3E 08 0E 1A 3A 01 C8 ED 33 03 67 06 00 00 03 00 43 C9 81 C4 5D 00 00 00 00 42 07 7A 72 FF FF 00 00 01 00 00 00 03 00 03 00 03 00 01 00 FF FF 02 00 2E 03 CD FF 6E 02 26 22 DF 36 F1 5F 00 00
04 00 04 00 17 00 00 00 10 00 45 00 08 AD 18 10 03 3A 3E 08 0E 1A 3A 01 88 9F 97 05 67 06 00 00 03 00 43 61 1E C5 5D 00 00 00 00 43 07 7A 72 FF FF 00 00 00 00 00 00 03 00 03 00 03 00 01 00 00 00 01 00 2E 03 CD FF 6E 02 06 95 DB 36 F9 5F 00 00
04 00 04 00 17 00 00 00 10 00 45 00 08 AE 18 10 03 3A 3E 08 0E 1A 3A 01 48 51 FB 07 67 06 00 00 03 00 43 F9 BA C5 5D 00 00 00 00 42 07 7A 72 FF FF 00 00 00 00 00 00 03 00 03 00 03 00 03 00 00 00 00 00 2E 03 CD FF 6E 02 66 B7 D2 36 01 60 00 00
04 00 04 00 17 00 00 00 10 00 45 00 08 AF 18 10 03 3A 3E 08 0E 1A 3A 01 08 03 5F 0A 67 06 00 00 03 00 43 91 57 C6 5D 00 00 00 00 42 07 7A 72 FE FF FF FF 00 00 00 00 03 00 03 00 03 00 01 00 00 00 01 00 2E 03 CD FF 6E 02 FE 66 EE 36 09 60 00 00
04 00 04 00 17 00 00 00 10 00 45 00 08 B0 18 10 03 3A 3E 08 0E 1A 3A 01 E0 B0 C2 0C 67 06 00 00 03 00 43 28 F4 C6 5D 00 00 00 00 42 07 7A 72 FE FF 00 00 00 00 00 00 03 00 03 00 03 00 01 00 00 00 01 00 2E 03 CD FF 6E 02 13 B3 DB 36 11 60 00 00
04 00 04 00 17 00 00 00 10 00 45 00 08 B1 18 10 03 3A 3E 08 0E 1A 3A 01 A0 62 26 0F 67 06 00 00 03 00 43 C0 90 C7 5D 00 00 00 00 42 07 79 72 FF FF 00 00 00 00 00 00 03 00 03 00 03 00 01 00 00 00 01 00 2E 03 CD FF 6E 02 B1 04 E7 36 19 60 00 00
04 00 04 00 17 00 00 00 10 00 45 00 08 B2 18 10 03 3A 3E 08 0E 1A 3A 01 60 14 8A 11 67 06 00 00 03 00 43 58 2D C8 5D 00 00 00 00 42 07 79 72 FE FF 00 00 00 00 00 00 03 00 03 00 03 00 02 00 00 00 02 00 2E 03 CD FF 6E 02 1A BE E6 36 21 60 00 00
04 00 04 00 17 00 00 00 10 00 45 00 08 B3 18 10 03 3A 3E 08 0E 1A 3A 01 38 C2 ED 13 67 06 00 00 03 00 43 EF C9 C8 5D 00 00 00 00 42 07 79 72 FE FF FF FF 00 00 00 00 03 00 03 00 03 00 01 00 00 00 00 00 2E 03 CD FF 6E 02 CE A4 E7 36 29 60 00 00
04 00 04 00 17 00 00 00 10 00 45 00 08 B4 18 10 03 3A 3E 08 0E 1A 3A 01 F8 73 51 16 67 06 00 00 03 00 43 87 66 C9 5D 00 00 00 00 42 07 79 72 FE FF 00 00 00 00 FF FF 03 00 03 00 03 00 03 00 00 00 00 00 2E 03 CD FF 6E 02 1E DF F0 36 31 60 00 00
04 00 04 00 17 00 00 00 10 00 45 00 08 B5 18 10 03 3A 3E 08 0E 1A 3A 01 B8 25 B5 18 67 06 00 00 03 00 43 1F 03 CA 5D 00 00 00 00 42 07 79 72 FE FF FF FF 00 00 00 00 03 00 03 00 03 00 02 00 FF FF 01 00 2E 03 CD FF 6E 02 1A 2D E4 36 39 60 00 00
04 00 04 00 17 00 00 00 10 00 45 00 08 B6 18 10 03 3A 3E 08 0E 1A 3A 01 78 D7 18 1B 67 06 00 00 03 00 43 B7 9F CA 5D 00 00 00 00 42 07 79 72 FD FF 00 00 00 00 00 00 03 00 03 00 03 00 02 00 00 00 01 00 2E 03 CD FF 6E 02 E2 B0 D6 36 41 60 00 00
04 00 04 00 17 00 00 00 10 00 45 00 08 B7 18 10 03 3A 3E 08 0E 1A 3A 01 50 85 7C 1D 67 06 00 00 03 00 43 4E 3C CB 5D 00 00 00 00 42 07 79 72 FD FF 00 00 00 00 00 00 03 00 03 00 03 00 01 00 00 00 00 00 2E 03 CD FF 6E 02 23 5D C1 36 49 60 00 00
04 00 04 00 17 00 00 00 10 00 45 00 08 B8 18 10 03 3A 3E 08 0E 1A 3A 01 10 37 E0 1F 67 06 00 00 03 00 43 E6 D8 CB 5D 00 00 00 00 42 07 79 72 FD FF 00 00 00 00 00 00 03 00 03 00 03 00 02 00 00 00 01 00 2E 03 CD FF 6E 02 92 5E CD 36 51 60 00 00
04 00 04 00 17 00 00 00 10 00 45 00 08 B9 18 10 03 3A 3E 08 0E 1A 3A 01 D0 E8 43 22 67 06 00 00 03 00 43 7E 75 CC 5D 00 00 00 00 42 07 79 72 FD FF 00 00 00 00 00 00 03 00 03 00 03 00 02 00 00 00 00 00 2E 03 CD FF 6E 02 8B E6 C4 36 59 60 00 00
04 00 04 00 17 00 00 00 10 00 45 00 08 BA 18 10 03 3A 3E 08 0E 1A 3A 01 A8 96 A7 24 67 06 00 00 03 00 43 15 12 CD 5D 00 00 00 00 42 07 79 72 FD FF FF FF 00 00 00 00 03 00 03 00 03 00 02 00 00 00 00 00 2E 03 CD FF 6E 02 B1 27 DE 36 61 60 00 00
04 00 04 00 17 00 00 00 10 00 45 00 08 BB 18 10 03 3A 3E 08 0E 1A 3A 01 68 48 0B 27 67 06 00 00 03 00 43 AD AE CD 5D 00 00 00 00 42 07 79 72 FD FF 00 00 00 00 00 00 03 00 03 00 03 00 00 00 00 00 00 00 2E 03 CD FF 6E 02 A1 EC C8 36 69 60 00 00
04 00 04 00 17 00 00 00 10 00 45 00 08 BC 18 10 03 3A 3E 08 0E 1A 3A 01 28 FA 6E 29 67 06 00 00 03 00 43 45 4B CE 5D 00 00 00 00 42 07 79 72 FD FF 01 00 00 00 00 00 03 00 03 00 03 00 03 00 00 00 02 00 2E 03 CD FF 6E 02 50 61 D8 36 71 60 00 00
04 00 04 00 17 00 00 00 10 00 45 00 08 BD 18 10 03 3A 3E 08 0E 1A 3A 01 E8 AB D2 2B 67 06 00 00 03 00 43 DD E7 CE 5D 00 00 00 00 42 07 79 72 FC FF 00 00 00 00 00 00 03 00 03 00 03 00 02 00 00 00 01 00 2E 03 CD FF 6E 02 CE C8 DA 36 79 60 00 00
04 00 04 00 17 00 00 00 10 00 45 00 08 BE 18 10 03 3A 3E 08 0E 1A 3A 01 C0 59 36 2E 67 06 00 00 03 00 43 74 84 CF 5D 00 00 00 00 42 07 79 72 FC FF 01 00 01 00 00 00 03 00 03 00 03 00 02 00 01 00 02 00 2E 03 CD FF 6E 02 9A 6D DA 36 81 60 00 00
04 00 04 00 17 00 00 00 10 00 45 00 08 BF 18 10 03 3A 3E 08 0E 1A 3A 01 80 0B 9A 30 67 06 00 00 03 00 43 0C 21 D0 5D 00 00 00 00 42 07 79 72 FC FF 00 00 00 00 FF FF 03 00 03 00 03 00 02 00 00 00 02 00 2E 03 CD FF 6E 02 89 9B D5 36 89 60 00 00
04 00 04 00 17 00 00 00 10 00 45 00 08 C0 18 10 03 3A 3E 08 0E 1A 3A 01 40 BD FD 32 67 06 00 00 03 00 43 A4 BD D0 5D 00 00 00 00 41 07 79 72 FC FF 00 00 00 00 00 00 03 00 03 00 03 00 02 00 00 00 00 00 2E 03 CD FF 6E 02 72 06 B4 36 91 60 00 00
04 00 04 00 17 00 00 00 10 00 45 00 08 C1 18 10 03 3A 3E 08 0E 1A 3A 01 18 6B 61 35 67 06 00 00 03 00 43 3B 5A D1 5D 00 00 00 00 42 07 79 72 FC FF 00 00 00 00 00 00 03 00 03 00 03 00 02 00 00 00 00 00 2E 03 CD FF 6E 02 55 DF C2 36 99 60 00 00
04 00 04 00 17 00 00 00 10 00 45 00 08 C2 18 10 03 3A 3E 08 0E 1A 3A 01 D8 1C C5 37 67 06 00 00 03 00 43 D3 F6 D1 5D 00 00 00 00 41 07 79 72 FC FF 00 00 01 00 00 00 03 00 03 00 03 00 02 00 00 00 01 00 2E 03 CD FF 6E 02 74 F7 D0 36 A1 60 00 00
04 00 04 00 17 00 00 00 10 00 45 00 08 C3 18 10 03 3A 3E 08 0E 1A 3A 01 98 CE 28 3A 67 06 00 00 03 00 43 6B 93 D2 5D 00 00 00 00 41 07 79 72 FC FF 00 00 00 00 00 00 03 00 03 00 03 00 03 00 00 00 01 00 2E 03 CD FF 6E 02 71 C0 C4 36 A9 60 00 00
04 00 04 00 17 00 00 00 10 00 45 00 08 C4 18 10 03 3A 3E 08 0E 1A 3A 01 58 80 8C 3C 67 06 00 00 03 00 43 03 30 D3 5D 00 00 00 00 41 07 79 72 FC FF 00 00 00 00 00 00 03 00 03 00 03 00 01 00 00 00 02 00 2E 03 CD FF 6E 02 21 D3 B6 36 B1 60 00 00
04 00 04 00 17 00 00 00 10 00 45 00 08 C5 18 10 03 3A 3E 08 0E 1A 3A 01 30 2E F0 3E 67 06 00 00 03 00 43 9A CC D3 5D 00 00 00 00 41 07 79 72 FC FF 00 00 00 00 00 00 03 00 03 00 03 00 03 00 00 00 00 00 2E 03 CD FF 6E 02 CF C1 B8 36 B9 60 00 00
04 00 04 00 17 00 00 00 10 00 45 00 08 C6 18 10 03 3A 3E 08 0E 1A 3A 01 F0 DF 53 41 67 06 00 00 03 00 43 32 69 D4 5D 00 00 00 00 41 07 79 72 FC FF 01 00 00 00 00 00 03 00 03 00 03 00 01 00 00 00 01 00 2E 03 CD FF 6E 02 D4 88 B7 36 C1 60 00 00
04 00 04 00 17 00 00 00 10 00 45 00 08 C7 18 10 03 3A 3E 08 0E 1A 3A 01 B0 91 B7 43 67 06 00 00 03 00 43 CA 05 D5 5D 00 00 00 00 41 07 79 72 FC FF 00 00 00 00 FF FF 03 00 03 00 03 00 02 00 01 00 00 00 2E 03 CD FF 6E 02 A8 80 AB 36 C9 60 00 00
04 00 04 00 17 00 00 00 10 00 45 00 08 C8 18 10 03 3A 3E 08 0E 1A 3A 01 88 3F 1B 46 67 06 00 00 03 00 43 61 A2 D5 5D 00 00 00 00 40 07 79 72 FC FF 00 00 00 00 00 00 03 00 03 00 03 00 02 00 00 00 00 00 2E 03 CD FF 6E 02 6C D8 B9 36 D1 60 00 00
04 00 04 00 17 00 00 00 10 00 45 00 08 C9 18 10 03 3A 3E 08 0E 1A 3A 01 48 F1 7E 48 67 06 00 00 03 00 43 F9 3E D6 5D 00 00 00 00 41 07 79 72 FC FF 00 00 00 00 00 00 03 00 03 00 03 00 02 00 00 00 00 00 2E 03 CD FF 6E 02 23 46 C4 36 D9 60 00 00
04 00 04 00 17 00 00 00 10 00 45 00 08 CA 18 10 03 3A 3E 08 0E 1A 3A 01 08 A3 E2 4A 67 06 00 00 03 00 43 91 DB D6 5D 00 00 00 00 41 07 79 72 FC FF 00 00 00 00 00 00 03 00 03 00 03 00 02 00 00 00 02 00 2E 03 CD FF 6E 02 33 F8 D9 36 E1 60 00 00
04 00 04 00 17 00 00 00 10 00 45 00 08 CB 18 10 03 3A 3E 08 0E 1A 3A 01 E0 50 46 4D 67 06 00 00 03 00 43 28 78 D7 5D 00 00 00 00 42 07 79 72 FC FF 00 00 00 00 00 00 03 00 03 00 03 00 02 00 00 00 01 00 2E 03 CD FF 6E 02 DA 2F DD 36 E9 60 00 00
04 00 04 00 17 00 00 00 10 00 45 00 08 CC 18 10 03 3A 3E 08 0E 1A 3A 01 A0 02 AA 4F 67 06 00 00 03 00 43 C0 14 D8 5D 00 00 00 00 41 07 79 72 FC FF 00 00 FF FF 00 00 03 00 03 00 03 00 02 00 00 00 00 00 2E 03 CD FF 6E 02 31 13 DC 36 F1 60 00 00
04 00 04 00 17 00 00 00 10 00 45 00 08 CD 18 10 03 3A 3E 08 0E 1A 3A 01 60 B4 0D 52 67 06 00 00 03 00 43 58 B1 D8 5D 00 00 00 00 41 07 79 72 FC FF 00 00 FF FF 00 00 03 00 03 00 03 00 01 00 00 00 00 00 2E 03 CD FF 6E 02 22 72 DF 36 F9 60 00 00
04 00 04 00 17 00 00 00 10 00 45 00 08 CE 18 10 03 3A 3E 08 0E 1A 3A 01 20 66 71 54 67 06 00 00 03 00 43 F0 4D D9 5D 00 00 00 00 41 07 79 72 FC FF 00 00 00 00 00 00 03 00 03 00 03 00 00 00 00 00 00 00 2E 03 CD FF 6E 02 73 6E CA 36 01 61 00 00
04 00 04 00 17 00 00 00 10 00 45 00 08 CF 18 10 03 3A 3E 08 0E 1A 3A 01 F8 13 D5 56 67 06 00 00 03 00 43 87 EA D9 5D 00 00 00 00 41 07 79 72 FC FF 00 00 00 00 01 00 03 00 03 00 03 00 02 00 00 00 01 00 2E 03 CD FF 6D 02 07 0A C4 36 09 61 00 00
04 00 04 00 17 00 00 00 10 00 45 00 08 D0 18 10 03 3A 3E 08 0E 1A 3A 01 B8 C5 38 59 67 06 00 00 03 00 43 1F 87 DA 5D 00 00 00 00 41 07 79 72 FB FF 00 00 00 00 00 00 03 00 03 00 03 00 02 00 00 00 01 00 2E 03 CD FF 6D 02 F6 BA 9E 36 11 61 00 00
04 00 04 00 17 00 00 00 10 00 45 00 08 D1 18 10 03 3A 3E 08 0E 1A 3A 01 78 77 9C 5B 67 06 00 00 03 00 43 B7 23 DB 5D 00 00 00 00 41 07 79 72 FB FF FF FF 00 00 00 00 03 00 03 00 03 00 02 00 00 00 00 00 2E 03 CD FF 6D 02 F0 20 B7 36 19 61 00 00
04 00 04 00 17 00 00 00 10 00 45 00 08 D2 18 10 03 3A 3E 08 0E 1A 3A 01 50 25 00 5E 67 06 00 00 03 00 43 4E C0 DB 5D 00 00 00 00 42 07 79 72 FB FF 00 00 00 00 00 00 03 00 03 00 03 00 01 00 00 00 01 00 2E 03 CD FF 6D 02 D1 7E 9C 36 21 61 00 00
04 00 04 00 17 00 00 00 10 00 45 00 08 D3 18 10 03 3A 3E 08 0E 1A 3A 01 10 D7 63 60 67 06 00 00 03 00 43 E6 5C DC 5D 00 00 00 00 42 07 79 72 FB FF 00 00 01 00 00 00 03 00 03 00 03 00 01 00 00 00 01 00 2E 03 CD FF 6D 02 8B 94 A3 36 29 61 00 00
04 00 04 00 17 00 00 00 10 00 45 00 08 D4 18 10 03 3A 3E 08 0E 1A 3A 01 D0 88 C7 62 67 06 00 00 03 00 43 7E F9 DC 5D 00 00 00 00 42 07 79 72 FB FF 00 00 00 00 00 00 03 00 03 00 03 00 01 00 00 00 01 00 2E 03 CD FF 6E 02 C9 DA B9 36 31 61 00 00
04 00 04 00 17 00 00 00 10 00 45 00 08 D5 18 10 03 3A 3E 08 0E 1A 3A 01 A8 36 2B 65 67 06 00 00 03 00 43 15 96 DD 5D 00 00 00 00 42 07 79 72 FB FF 00 00 00 00 00 00 03 00 03 00 03 00 01 00 01 00 01 00 2E 03 CD FF 6E 02 22 07 D8 36 39 61 00 00
04 00 04 00 17 00 00 00 10 00 45 00 08 D6 18 10 03 3A 3E 08 0E 1A 3A 01 68 E8 8E 67 67 06 00 00 03 00 43 AD 32 DE 5D 00 00 00 00 43 07 79 72 FB FF 00 00 00 00 00 00 03 00 03 00 03 00 01 00 00 00 02 00 2E 03 CD FF 6E 02 4E CE E7 36 41 61 00 00
04 00 04 00 17 00 00 00 10 00 45 00 08 D7 18 10 03 3A 3E 08 0E 1A 3A 01 28 9A F2 69 67 06 00 00 03 00 43 45 CF DE 5D 00 00 00 00 43 07 78 72 FB FF 00 00 00 00 00 00 03 00 03 00 03 00 01 00 00 00 00 00 2E 03 CD FF 6E 02 CB 69 CC 36 49 61 00 00
04 00 04 00 17 00 00 00 10 00 45 00 08 D8 18 10 03 3A 3E 08 0E 1A 3A 01 E8 4B 56 6C 67 06 00 00 03 00 43 DD 6B DF 5D 00 00 00 00 43 07 78 72 FB FF 00 00 00 00 01 00 03 00 03 00 03 00 01 00 00 00 02 00 2E 03 CD FF 6E 02 D6 F8 E0 36 51 61 00 00
04 00 04 00 17 00 00 00 10 00 45 00 08 D9 18 10 03 3A 3E 08 0E 1A 3A 01 C0 F9 B9 6E 67 06 00 00 03 00 43 74 08 E0 5D 00 00 00 00 43 07 78 72 FB FF 00 00 00 00 00 00 03 00 03 00 03 00 02 00 00 00 01 00 2E 03 CD FF 6E 02 EC AA DD 36 59 61 00 00
04 00 04 00 17 00 00 00 10 00 45 00 08 DA 18 10 03 3A 3E 08 0E 1A 3A 01 80 AB 1D 71 67 06 00 00 03 00 43 0C A5 E0 5D 00 00 00 00 43 07 78 72 FB FF 00 00 00 00 00 00 03 00 03 00 03 00 00 00 00 00 00 00 2E 03 CD FF 6E 02 55 EF D3 36 61 61 00 00
04 00 04 00 17 00 00 00 10 00 45 00 08 DB 18 10 03 3A 3E 08 0E 1A 3A 01 40 5D 81 73 67 06 00 00 03 00 43 A4 41 E1 5D 00 00 00 00 43 07 78 72 FB FF 01 00 00 00 00 00 03 00 03 00 03 00 03 00 00 00 00 00 2E 03 CD FF 6E 02 48 1A D8 36 69 61 00 00
04 00 04 00 17 00 00 00 10 00 45 00 08 DC 18 10 03 3A 3E 08 0E 1A 3A 01 18 0B E5 75 67 06 00 00 03 00 43 3B DE E1 5D 00 00 00 00 42 07 78 72 FB FF 00 00 00 00 00 00 03 00 03 00 03 00 01 00 00 00 02 00 2E 03 CD FF 6E 02 13 D6 D0 36 71 61 00 00
04 00 04 00 17 00 00 00 10 00 45 00 08 DD 18 10 03 3A 3E 08 0E 1A 3A 01 D8 BC 48 78 67 06 00 00 03 00 43 D3 7A E2 5D 00 00 00 00 42 07 78 72 FB FF 00 00 00 00 00 00 03 00 03 00 03 00 01 00 00 00 03 00 2E 03 CD FF 6E 02 29 20 DB 36 79 61 00 00
04 00 04 00 17 00 00 00 10 00 45 00 08 DE 18 10 03 3A 3E 08 0E 1A 3A 01 98 6E AC 7A 67 06 00 00 03 00 43 6B 17 E3 5D 00 00 00 00 42 07 78 72 FB FF 00 00 00 00 00 00 03 00 03 00 03 00 02 00 00 00 01 00 2E 03 CD FF 6E 02 E1 CD D8 36 81 61 00 00
04 00 04 00 17 00 00 00 10 00 45 00 08 DF 18 10 03 3A 3E 08 0E 1A 3A 01 70 1C 10 7D 67 06 00 00 03 00 43 02 B4 E3 5D 00 00 00 00 43 07 78 72 FB FF 00 00 00 00 01 00 03 00 03 00 03 00 01 00 00 00 02 00 2E 03 CD FF 6E 02 D7 F4 DB 36 89 61 00 00
04 00 04 00 17 00 00 00 10 00 45 00 08 E0 18 10 03 3A 3E 08 0E 1A 3A 01 30 CE 73 7F 67 06 00 00 03 00 43 9A 50 E4 5D 00 00 00 00 43 07 78 72 FB FF 00 00 00 00 00 00 03 00 03 00 03 00 02 00 00 00 02 00 2E 03 CD FF 6E 02 C1 54 D8 36 91 61 00 00
04 00 04 00 17 00 00 00 10 00 45 00 08 E1 18 10 03 3A 3E 08 0E 1A 3A 01 F0 7F D7 81 67 06 00 00 03 00 43 32 ED E4 5D 00 00 00 00 43 07 78 72 FB FF 00 00 00 00 00 00 03 00 03 00 03 00 01 00 00 00 00 00 2E 03 CD FF 6E 02 5F 88 C6 36 99 61 00 00
04 00 04 00 17 00 00 00 10 00 45 00 08 E2 18 10 03 3A 3E 08 0E 1A 3A 01 C8 2D 3B 84 67 06 00 00 03 00 43 C9 89 E5 5D 00 00 00 00 43 07 78 72 FB FF 00 00 00 00 00 00 03 00 03 00 03 00 01 00 00 00 02 00 2E 03 CD FF 6E 02 A7 D9 C9 36 A1 61 00 00
04 00 04 00 17 00 00 00 10 00 45 00 08 E3 18 10 03 3A 3E 08 0E 1A 3A 01 88 DF 9E 86 67 06 00 00 03 00 43 61 26 E6 5D 00 00 00 00 43 07 78 72 FB FF 00 00 00 00 00 00 03 00 03 00 03 00 01 00 00 00 01 00 2E 03 CD FF 6E 02 64 E3 B4 36 A9 61 00 00
04 00 04 00 17 00 00 00 10 00 45 00 08 E4 18 10 03 3A 3E 08 0E 1A 3A 01 48 91 02 89 67 06 00 00 03 00 43 F9 C2 E6 5D 00 00 00 00 43 07 78 72 FB FF 00 00 00 00 00 00 03 00 03 00 03 00 03 00 00 00 01 00 2E 03 CD FF 6E 02 EC D3 C4 36 B1 61 00 00
04 00 04 00 17 00 00 00 10 00 45 00 08 E5 18 10 03 3A 3E 08 0E 1A 3A 01 08 43 66 8B 67 06 00 00 03 00 43 91 5F E7 5D 00 00 00 00 42 07 78 72 FB FF 00 00 00 00 00 00 03 00 03 00 03 00 01 00 FF FF 01 00 2E 03 CD FF 6E 02 01 E4 C2 36 B9 61 00 00
04 00 04 00 17 00 00 00 10 00 45 00 08 E6 18 10 03 3A 3E 08 0E 1A 3A 01 E0 F0 C9 8D 67 06 00 00 03 00 43 28 FC E7 5D 00 00 00 00 41 07 78 72 FC FF 00 00 FF FF FF FF 03 00 03 00 03 00 06 00 02 00 03 00 2E 03 CD FF 6D 02 EF 0F 33 37 C1 61 00 00
04 00 04 00 17 00 00 00 10 00 45 00 08 E7 18 10 03 3A 3E 08 0E 1A 3A 01 A0 A2 2D 90 67 06 00 00 03 00 43 C0 98 E8 5D 00 00 00 00 41 07 78 72 FC FF 00 00 00 00 00 00 03 00 03 00 03 00 03 00 FE FF 04 00 2E 03 CD FF 6E 02 29 5F 74 37 C9 61 00 00
04 00 04 00 17 00 00 00 10 00 45 00 08 E8 18 10 03 3A 3E 08 0E 1A 3A 01 60 54 91 92 67 06 00 00 03 00 43 58 35 E9 5D 00 00 00 00 41 07 78 72 FC FF 00 00 00 00 00 00 03 00 03 00 03 00 02 00 00 00 01 00 2E 03 CD FF 6E 02 FB B7 79 37 D1 61 00 00
04 00 04 00 17 00 00 00 10 00 45 00 08 E9 18 10 03 3A 3E 08 0E 1A 3A 01 38 02 F5 94 67 06 00 00 03 00 43 EF D1 E9 5D 00 00 00 00 41 07 78 72 FC FF 00 00 00 00 00 00 03 00 03 00 03 00 02 00 00 00 02 00 2E 03 CD FF 6E 02 12 03 81 37 D9 61 00 00
04 00 04 00 17 00 00 00 10 00 45 00 08 EA 18 10 03 3A 3E 08 0E 1A 3A 01 F8 B3 58 97 67 06 00 00 03 00 43 87 6E EA 5D 00 00 00 00 40 07 77 72 FC FF FF FF 00 00 00 00 03 00 03 00 03 00 01 00 00 00 00 00 2E 03 CD FF 6E 02 A0 67 7D 37 E1 61 00 00
04 00 04 00 17 00 00 00 10 00 45 00 08 EB 18 10 03 3A 3E 08 0E 1A 3A 01 B8 65 BC 99 67 06 00 00 03 00 43 1F 0B EB 5D 00 00 00 00 40 07 78 72 FD FF 00 00 00 00 00 00 03 00 03 00 03 00 03 00 00 00 03 00 2E 03 CD FF 6E 02 5B 04 94 37 E9 61 00 00
04 00 04 00 17 00 00 00 10 00 45 00 08 EC 18 10 03 3A 3E 08 0E 1A 3A 01 90 13 20 9C 67 06 00 00 03 00 43 B6 A7 EB 5D 00 00 00 00 40 07 77 72 FD FF 00 00 00 00 00 00 03 00 03 00 03 00 02 00 00 00 00 00 2E 03 CD FF 6E 02 86 E3 73 37 F1 61 00 00
