4 ,0 ,4 ,0 ,23 ,0 ,0 ,0 ,16 ,0 ,69 ,0 ,8 ,152 ,29 ,16 ,1 ,58 ,62 ,8 ,14 ,26 ,58 ,1 ,168 ,228 ,  0 , 80 ,169 ,35 ,0 ,0 ,3 ,4 , 67 ,198 , 42 , 34 ,88 ,0 ,0 ,0 ,0 , 10 ,176 , 36 ,58 , 76 ,240 ,235 ,255 , 20 ,  0 ,248 ,255 ,81 ,143 ,81 ,143 ,81 ,143 , 10 ,  0 ,  0 ,  0 ,254 ,255 ,169 ,1 ,143 ,3 ,190 ,0 ,138 ,151 ,149 ,54 , 25 ,116 ,0 ,0 ,
4 ,0 ,4 ,0 ,23 ,0 ,0 ,0 ,16 ,0 ,69 ,0 ,8 ,153 ,29 ,16 ,1 ,58 ,62 ,8 ,14 ,26 ,58 ,1 ,192 ,201 , 96 , 82 ,169 ,35 ,0 ,0 ,3 ,4 , 67 ,101 ,198 , 34 ,88 ,0 ,0 ,0 ,0 ,244 ,175 , 36 ,58 , 71 ,240 ,233 ,255 ,255 ,255 ,244 ,255 ,81 ,143 ,81 ,143 ,81 ,143 ,  2 ,  0 ,255 ,255 ,255 ,255 ,170 ,1 ,143 ,3 ,190 ,0 , 25 ,176 ,210 ,54 , 33 ,116 ,0 ,0 ,
4 ,0 ,4 ,0 ,23 ,0 ,0 ,0 ,16 ,0 ,69 ,0 ,8 ,154 ,29 ,16 ,1 ,58 ,62 ,8 ,14 ,26 ,58 ,1 ,216 ,174 ,192 , 84 ,169 ,35 ,0 ,0 ,3 ,4 , 67 ,  4 , 98 , 35 ,88 ,0 ,0 ,0 ,0 ,223 ,175 , 29 ,58 , 76 ,240 ,239 ,255 ,  4 ,  0 ,244 ,255 ,81 ,143 ,81 ,143 ,81 ,143 ,248 ,255 ,  0 ,  0 ,  4 ,  0 ,169 ,1 ,143 ,3 ,191 ,0 , 82 , 92 ,207 ,54 , 41 ,116 ,0 ,0 ,
4 ,0 ,4 ,0 ,23 ,0 ,0 ,0 ,16 ,0 ,69 ,0 ,8 ,155 ,29 ,16 ,1 ,58 ,62 ,8 ,14 ,26 ,58 ,1 ,240 ,147 , 32 , 87 ,169 ,35 ,0 ,0 ,3 ,4 , 67 ,163 ,253 , 35 ,88 ,0 ,0 ,0 ,0 ,209 ,175 , 30 ,58 , 66 ,240 ,252 ,255 , 18 ,  0 ,237 ,255 ,81 ,143 ,81 ,143 ,81 ,143 ,252 ,255 ,  9 ,  0 ,  1 ,  0 ,168 ,1 ,144 ,3 ,192 ,0 , 28 ,151 , 41 ,55 , 49 ,116 ,0 ,0 ,
4 ,0 ,4 ,0 ,23 ,0 ,0 ,0 ,16 ,0 ,69 ,0 ,8 ,156 ,29 ,16 ,1 ,58 ,62 ,8 ,14 ,26 ,58 ,1 ,  8 ,121 ,128 , 89 ,169 ,35 ,0 ,0 ,3 ,4 , 67 , 66 ,153 , 36 ,88 ,0 ,0 ,0 ,0 ,195 ,175 , 22 ,58 , 28 ,240 ,  2 ,  0 , 21 ,  0 ,221 ,255 ,81 ,143 ,81 ,143 ,81 ,143 ,  0 ,  0 ,  3 ,  0 ,  0 ,  0 ,168 ,1 ,144 ,3 ,193 ,0 ,249 ,195 ,136 ,55 , 57 ,116 ,0 ,0 ,
4 ,0 ,4 ,0 ,23 ,0 ,0 ,0 ,16 ,0 ,69 ,0 ,8 ,157 ,29 ,16 ,1 ,58 ,62 ,8 ,14 ,26 ,58 ,1 , 56 , 90 ,224 , 91 ,169 ,35 ,0 ,0 ,3 ,4 , 67 ,224 , 52 , 37 ,88 ,0 ,0 ,0 ,0 ,171 ,175 , 11 ,58 ,231 ,239 ,244 ,255 , 36 ,  0 ,210 ,255 ,82 ,143 ,82 ,143 ,82 ,143 ,249 ,255 ,255 ,255 ,  1 ,  0 ,167 ,1 ,144 ,3 ,193 ,0 , 22 ,189 ,131 ,55 , 65 ,116 ,0 ,0 ,
4 ,0 ,4 ,0 ,23 ,0 ,0 ,0 ,16 ,0 ,69 ,0 ,8 ,158 ,29 ,16 ,1 ,58 ,62 ,8 ,14 ,26 ,58 ,1 , 80 , 63 , 64 , 94 ,169 ,35 ,0 ,0 ,3 ,4 , 67 ,127 ,208 , 37 ,88 ,0 ,0 ,0 ,0 ,115 ,175 ,241 ,57 ,143 ,239 ,217 ,255 , 43 ,  0 ,118 ,255 ,82 ,143 ,82 ,143 ,82 ,143 ,255 ,255 , 12 ,  0 ,  8 ,  0 ,166 ,1 ,145 ,3 ,194 ,0 ,115 , 97 , 13 ,56 , 73 ,116 ,0 ,0 ,
4 ,0 ,4 ,0 ,23 ,0 ,0 ,0 ,16 ,0 ,69 ,0 ,8 ,159 ,29 ,16 ,1 ,58 ,62 ,8 ,14 ,26 ,58 ,1 ,104 , 36 ,160 , 96 ,169 ,35 ,0 ,0 ,3 ,4 ,131 , 30 ,108 , 38 ,88 ,0 ,0 ,0 ,0 ,222 ,174 ,143 ,57 ,217 ,238 ,187 ,255 , 89 ,  0 ,218 ,254 ,82 ,143 ,82 ,143 ,82 ,143 ,250 ,255 , 24 ,  0 ,  6 ,  0 ,165 ,1 ,147 ,3 ,196 ,0 ,146 , 13 ,214 ,56 , 81 ,116 ,0 ,0 ,
4 ,0 ,4 ,0 ,23 ,0 ,0 ,0 ,16 ,0 ,69 ,0 ,8 ,160 ,29 ,16 ,1 ,58 ,62 ,8 ,14 ,26 ,58 ,1 ,128 ,  9 ,  0 , 99 ,169 ,35 ,0 ,0 ,3 ,4 ,131 ,189 ,  7 , 39 ,88 ,0 ,0 ,0 ,0 ,230 ,173 ,211 ,56 ,146 ,237 ,156 ,255 ,146 ,  0 , 65 ,254 ,82 ,143 ,82 ,143 ,82 ,143 ,251 ,255 , 20 ,  0 ,  4 ,  0 ,161 ,1 ,149 ,3 ,198 ,0 ,248 ,140 , 24 ,57 , 89 ,116 ,0 ,0 ,
4 ,0 ,4 ,0 ,23 ,0 ,0 ,0 ,16 ,0 ,69 ,0 ,8 ,161 ,29 ,16 ,1 ,58 ,62 ,8 ,14 ,26 ,58 ,1 ,176 ,234 , 95 ,101 ,169 ,35 ,0 ,0 ,3 ,0 ,131 , 91 ,163 , 39 ,88 ,0 ,0 ,0 ,0 ,139 ,172 ,191 ,55 ,172 ,235 ,148 ,255 ,215 ,  0 ,168 ,253 ,82 ,143 ,82 ,143 ,82 ,143 , 10 ,  0 , 13 ,  0 ,  8 ,  0 ,157 ,1 ,151 ,3 ,200 ,0 ,222 ,217 , 99 ,57 , 97 ,116 ,0 ,0 ,
4 ,0 ,4 ,0 ,23 ,0 ,0 ,0 ,16 ,0 ,69 ,0 ,8 ,162 ,29 ,16 ,1 ,58 ,62 ,8 ,14 ,26 ,58 ,1 ,200 ,207 ,191 ,103 ,169 ,35 ,0 ,0 ,3 ,0 ,131 ,250 , 62 , 40 ,88 ,0 ,0 ,0 ,0 ,247 ,170 ,124 ,54 ,108 ,233 , 43 ,255 ,188 ,  0 ,156 ,253 ,82 ,143 ,82 ,143 ,82 ,143 , 17 ,  0 ,231 ,255 , 27 ,  0 ,151 ,1 ,152 ,3 ,203 ,0 ,134 ,132 ,113 ,57 ,105 ,116 ,0 ,0 ,
4 ,0 ,4 ,0 ,23 ,0 ,0 ,0 ,16 ,0 ,69 ,0 ,8 ,163 ,29 ,16 ,1 ,58 ,62 ,8 ,14 ,26 ,58 ,1 ,224 ,180 , 31 ,106 ,169 ,35 ,0 ,0 ,3 ,0 ,131 ,153 ,218 , 40 ,88 ,0 ,0 ,0 ,0 , 98 ,169 ,152 ,53 , 52 ,231 , 64 ,255 ,168 ,  1 ,217 ,253 ,82 ,143 ,82 ,143 ,82 ,143 ,246 ,255 ,248 ,255 , 14 ,  0 ,140 ,1 ,154 ,3 ,209 ,0 , 46 ,114 ,113 ,57 ,113 ,116 ,0 ,0 ,
4 ,0 ,4 ,0 ,23 ,0 ,0 ,0 ,16 ,0 ,69 ,0 ,8 ,164 ,29 ,16 ,1 ,58 ,62 ,8 ,14 ,26 ,58 ,1 ,248 ,153 ,127 ,108 ,169 ,35 ,0 ,0 ,3 ,0 ,131 , 56 ,118 , 41 ,88 ,0 ,0 ,0 ,0 , 93 ,168 , 57 ,53 ,211 ,228 ,131 ,255 , 22 ,  1 ,148 ,254 ,82 ,143 ,82 ,143 ,82 ,143 , 36 ,  0 ,200 ,255 ,187 ,255 ,129 ,1 ,154 ,3 ,211 ,0 ,206 , 78 , 20 ,58 ,121 ,116 ,0 ,0 ,
4 ,0 ,4 ,0 ,23 ,0 ,0 ,0 ,16 ,0 ,69 ,0 ,8 ,165 ,29 ,16 ,1 ,58 ,62 ,8 ,14 ,26 ,58 ,1 , 40 ,123 ,223 ,110 ,169 ,35 ,0 ,0 ,3 ,0 ,131 ,214 , 17 , 42 ,88 ,0 ,0 ,0 ,0 ,191 ,167 ,231 ,52 ,226 ,227 ,210 ,255 , 63 ,  0 ,107 ,255 ,82 ,143 ,82 ,143 ,82 ,143 ,253 ,255 , 11 ,  0 ,245 ,255 ,117 ,1 ,156 ,3 ,214 ,0 ,207 ,204 , 31 ,58 ,129 ,116 ,0 ,0 ,
4 ,0 ,4 ,0 ,23 ,0 ,0 ,0 ,16 ,0 ,69 ,0 ,8 ,166 ,29 ,16 ,1 ,58 ,62 ,8 ,14 ,26 ,58 ,1 , 64 , 96 , 63 ,113 ,169 ,35 ,0 ,0 ,3 ,0 ,131 ,117 ,173 , 42 ,88 ,0 ,0 ,0 ,0 ,160 ,167 ,207 ,52 ,175 ,227 ,  6 ,  0 ,241 ,255 , 49 ,  0 ,82 ,143 ,82 ,143 ,82 ,143 ,252 ,255 ,252 ,255 ,  0 ,  0 ,103 ,1 ,159 ,3 ,219 ,0 ,163 ,104 , 19 ,58 ,137 ,116 ,0 ,0 ,
4 ,0 ,4 ,0 ,23 ,0 ,0 ,0 ,16 ,0 ,69 ,0 ,8 ,167 ,29 ,16 ,1 ,58 ,62 ,8 ,14 ,26 ,58 ,1 , 88 , 69 ,159 ,115 ,169 ,35 ,0 ,0 ,3 ,0 ,131 , 20 , 73 , 43 ,88 ,0 ,0 ,0 ,0 ,245 ,167 , 21 ,53 , 57 ,228 , 76 ,  0 ,141 ,255 ,246 ,  0 ,82 ,143 ,82 ,143 ,82 ,143 , 16 ,  0 ,248 ,255 ,242 ,255 , 91 ,1 ,161 ,3 ,223 ,0 ,149 ,193 ,  0 ,58 ,145 ,116 ,0 ,0 ,
4 ,0 ,4 ,0 ,23 ,0 ,0 ,0 ,16 ,0 ,69 ,0 ,8 ,168 ,29 ,16 ,1 ,58 ,62 ,8 ,14 ,26 ,58 ,1 ,112 , 42 ,255 ,117 ,169 ,35 ,0 ,0 ,3 ,4 ,131 ,179 ,228 , 43 ,88 ,0 ,0 ,0 ,0 ,204 ,168 ,168 ,53 ,149 ,229 ,151 ,  0 , 41 ,255 ,184 ,  1 ,83 ,143 ,83 ,143 ,83 ,143 ,254 ,255 ,  9 ,  0 , 10 ,  0 , 82 ,1 ,164 ,3 ,227 ,0 ,242 ,202 ,247 ,57 ,153 ,116 ,0 ,0 ,
4 ,0 ,4 ,0 ,23 ,0 ,0 ,0 ,16 ,0 ,69 ,0 ,8 ,169 ,29 ,16 ,1 ,58 ,62 ,8 ,14 ,26 ,58 ,1 ,160 , 11 , 95 ,120 ,169 ,35 ,0 ,0 ,3 ,0 ,131 , 81 ,128 , 44 ,88 ,0 ,0 ,0 ,0 , 78 ,170 ,193 ,54 , 76 ,231 ,250 ,  0 ,134 ,255 ,134 ,  2 ,83 ,143 ,83 ,143 ,83 ,143 , 22 ,  0 ,245 ,255 , 12 ,  0 , 75 ,1 ,165 ,3 ,231 ,0 ,193 ,235 ,252 ,57 ,161 ,116 ,0 ,0 ,
4 ,0 ,4 ,0 ,23 ,0 ,0 ,0 ,16 ,0 ,69 ,0 ,8 ,170 ,29 ,16 ,1 ,58 ,62 ,8 ,14 ,26 ,58 ,1 ,184 ,240 ,190 ,122 ,169 ,35 ,0 ,0 ,3 ,0 ,131 ,240 , 27 , 45 ,88 ,0 ,0 ,0 ,0 ,172 ,172 ,158 ,56 ,170 ,233 ,239 ,  0 ,205 ,254 ,198 ,  3 ,83 ,143 ,83 ,143 ,83 ,143 ,  3 ,  0 ,236 ,255 ,237 ,255 , 74 ,1 ,164 ,3 ,231 ,0 ,121 , 47 ,197 ,57 ,169 ,116 ,0 ,0 ,
4 ,0 ,4 ,0 ,23 ,0 ,0 ,0 ,16 ,0 ,69 ,0 ,8 ,171 ,29 ,16 ,1 ,58 ,62 ,8 ,14 ,26 ,58 ,1 ,208 ,213 , 30 ,125 ,169 ,35 ,0 ,0 ,3 ,0 ,131 ,143 ,183 , 45 ,88 ,0 ,0 ,0 ,0 , 77 ,175 ,174 ,58 ,182 ,236 , 22 ,  1 , 99 ,255 , 37 ,  3 ,83 ,143 ,83 ,143 ,83 ,143 ,183 ,255 , 86 ,  0 , 24 ,  0 , 72 ,1 ,168 ,3 ,232 ,0 ,176 ,132 ,249 ,57 ,177 ,116 ,0 ,0 ,
4 ,0 ,4 ,0 ,23 ,0 ,0 ,0 ,16 ,0 ,69 ,0 ,8 ,172 ,29 ,16 ,1 ,58 ,62 ,8 ,14 ,26 ,58 ,1 ,232 ,186 ,126 ,127 ,169 ,35 ,0 ,0 ,3 ,0 ,131 , 46 , 83 , 46 ,88 ,0 ,0 ,0 ,0 ,184 ,177 , 84 ,60 , 65 ,238 , 36 ,  1 ,249 ,255 , 11 ,  2 ,83 ,143 ,83 ,143 ,83 ,143 ,198 ,255 , 30 ,  0 , 25 ,  0 , 73 ,1 ,170 ,3 ,232 ,0 , 41 ,226 , 23 ,58 ,185 ,116 ,0 ,0 ,
4 ,0 ,4 ,0 ,23 ,0 ,0 ,0 ,16 ,0 ,69 ,0 ,8 ,173 ,29 ,16 ,1 ,58 ,62 ,8 ,14 ,26 ,58 ,1 ,  0 ,160 ,222 ,129 ,169 ,35 ,0 ,0 ,3 ,0 ,131 ,205 ,238 , 46 ,88 ,0 ,0 ,0 ,0 ,119 ,179 ,138 ,61 ,176 ,238 ,193 ,  0 , 97 ,  0 ,  7 ,  1 ,83 ,143 ,83 ,143 ,83 ,143 ,248 ,255 ,243 ,255 ,  6 ,  0 , 78 ,1 ,168 ,3 ,230 ,0 , 15 ,192 , 25 ,58 ,193 ,116 ,0 ,0 ,
4 ,0 ,4 ,0 ,23 ,0 ,0 ,0 ,16 ,0 ,69 ,0 ,8 ,174 ,29 ,16 ,1 ,58 ,62 ,8 ,14 ,26 ,58 ,1 , 48 ,129 , 62 ,132 ,169 ,35 ,0 ,0 ,3 ,0 ,131 ,107 ,138 , 47 ,88 ,0 ,0 ,0 ,0 , 69 ,180 , 55 ,62 ,140 ,238 , 47 ,  0 , 96 ,  0 , 12 ,  0 ,83 ,143 ,83 ,143 ,83 ,143 , 13 ,  0 ,245 ,255 ,240 ,255 , 86 ,1 ,164 ,3 ,226 ,0 ,231 ,253 , 33 ,58 ,201 ,116 ,0 ,0 ,
4 ,0 ,4 ,0 ,23 ,0 ,0 ,0 ,16 ,0 ,69 ,0 ,8 ,175 ,29 ,16 ,1 ,58 ,62 ,8 ,14 ,26 ,58 ,1 , 72 ,102 ,158 ,134 ,169 ,35 ,0 ,0 ,3 ,0 ,131 , 10 , 38 , 48 ,88 ,0 ,0 ,0 ,0 ,220 ,179 ,255 ,61 ,214 ,237 ,192 ,255 ,123 ,  0 ,161 ,254 ,83 ,143 ,83 ,143 ,83 ,143 ,245 ,255 ,  3 ,  0 ,255 ,255 , 93 ,1 ,163 ,3 ,223 ,0 ,163 , 70 , 29 ,58 ,209 ,116 ,0 ,0 ,
4 ,0 ,4 ,0 ,23 ,0 ,0 ,0 ,16 ,0 ,69 ,0 ,8 ,176 ,29 ,16 ,1 ,58 ,62 ,8 ,14 ,26 ,58 ,1 , 96 , 75 ,254 ,136 ,169 ,35 ,0 ,0 ,3 ,0 ,131 ,169 ,193 , 48 ,88 ,0 ,0 ,0 ,0 , 68 ,178 ,235 ,60 , 66 ,236 , 67 ,255 ,150 ,  0 ,107 ,253 ,83 ,143 ,83 ,143 ,83 ,143 ,223 ,255 ,  3 ,  0 ,  7 ,  0 , 96 ,1 ,162 ,3 ,221 ,0 ,198 ,218 , 12 ,58 ,217 ,116 ,0 ,0 ,
4 ,0 ,4 ,0 ,23 ,0 ,0 ,0 ,16 ,0 ,69 ,0 ,8 ,177 ,29 ,16 ,1 ,58 ,62 ,8 ,14 ,26 ,58 ,1 ,120 , 48 , 94 ,139 ,169 ,35 ,0 ,0 ,3 ,0 ,131 , 72 , 93 , 49 ,88 ,0 ,0 ,0 ,0 ,228 ,175 , 77 ,59 , 24 ,234 ,183 ,254 ,123 ,  0 ,  5 ,253 ,83 ,143 ,83 ,143 ,83 ,143 ,240 ,255 ,238 ,255 ,  4 ,  0 , 97 ,1 ,160 ,3 ,220 ,0 , 52 , 13 ,230 ,57 ,225 ,116 ,0 ,0 ,
4 ,0 ,4 ,0 ,23 ,0 ,0 ,0 ,16 ,0 ,69 ,0 ,8 ,178 ,29 ,16 ,1 ,58 ,62 ,8 ,14 ,26 ,58 ,1 ,168 , 17 ,190 ,141 ,169 ,35 ,0 ,0 ,3 ,0 ,131 ,230 ,248 , 49 ,88 ,0 ,0 ,0 ,0 , 76 ,173 ,141 ,57 ,  6 ,232 ,246 ,254 ,147 ,  0 ,237 ,252 ,83 ,143 ,83 ,143 ,83 ,143 , 45 ,  0 , 31 ,  0 ,220 ,255 , 95 ,1 ,163 ,3 ,220 ,0 , 54 , 85 ,186 ,57 ,233 ,116 ,0 ,0 ,
4 ,0 ,4 ,0 ,23 ,0 ,0 ,0 ,16 ,0 ,69 ,0 ,8 ,179 ,29 ,16 ,1 ,58 ,62 ,8 ,14 ,26 ,58 ,1 ,192 ,246 , 29 ,144 ,169 ,35 ,0 ,0 ,3 ,0 ,131 ,133 ,148 , 50 ,88 ,0 ,0 ,0 ,0 , 61 ,171 ,200 ,55 , 96 ,230 , 75 ,255 ,219 ,255 ,251 ,253 ,83 ,143 ,83 ,143 ,83 ,143 , 79 ,  0 ,242 ,255 ,210 ,255 , 94 ,1 ,165 ,3 ,219 ,0 ,196 ,171 ,199 ,57 ,241 ,116 ,0 ,0 ,
4 ,0 ,4 ,0 ,23 ,0 ,0 ,0 ,16 ,0 ,69 ,0 ,8 ,180 ,29 ,16 ,1 ,58 ,62 ,8 ,14 ,26 ,58 ,1 ,216 ,219 ,125 ,146 ,169 ,35 ,0 ,0 ,3 ,0 ,131 , 36 , 48 , 51 ,88 ,0 ,0 ,0 ,0 ,243 ,169 ,116 ,54 , 11 ,230 ,157 ,255 ,118 ,255 , 37 ,255 ,84 ,143 ,84 ,143 ,84 ,143 ,  5 ,  0 , 17 ,  0 , 10 ,  0 , 89 ,1 ,167 ,3 ,222 ,0 , 66 ,114 ,189 ,57 ,249 ,116 ,0 ,0 ,
4 ,0 ,4 ,0 ,23 ,0 ,0 ,0 ,16 ,0 ,69 ,0 ,8 ,181 ,29 ,16 ,1 ,58 ,62 ,8 ,14 ,26 ,58 ,1 ,240 ,192 ,221 ,148 ,169 ,35 ,0 ,0 ,3 ,0 ,131 ,195 ,203 , 51 ,88 ,0 ,0 ,0 ,0 ,123 ,169 ,187 ,53 , 18 ,230 , 16 ,  0 ,190 ,255 ,217 ,255 ,84 ,143 ,84 ,143 ,84 ,143 ,232 ,255 ,  3 ,  0 , 23 ,  0 , 79 ,1 ,169 ,3 ,226 ,0 , 16 ,227 ,210 ,57 ,  1 ,117 ,0 ,0 ,
4 ,0 ,4 ,0 ,23 ,0 ,0 ,0 ,16 ,0 ,69 ,0 ,8 ,182 ,29 ,16 ,1 ,58 ,62 ,8 ,14 ,26 ,58 ,1 ,  8 ,166 , 61 ,151 ,169 ,35 ,0 ,0 ,3 ,0 ,131 , 98 ,103 , 52 ,88 ,0 ,0 ,0 ,0 ,171 ,169 ,171 ,53 , 81 ,230 , 83 ,  0 ,182 ,255 ,135 ,  0 ,84 ,143 ,84 ,143 ,84 ,143 ,242 ,255 ,  0 ,  0 ,  2 ,  0 , 71 ,1 ,171 ,3 ,229 ,0 ,144 ,244 ,208 ,57 ,  9 ,117 ,0 ,0 ,
4 ,0 ,4 ,0 ,23 ,0 ,0 ,0 ,16 ,0 ,69 ,0 ,8 ,183 ,29 ,16 ,1 ,58 ,62 ,8 ,14 ,26 ,58 ,1 , 56 ,135 ,157 ,153 ,169 ,35 ,0 ,0 ,3 ,4 ,131 ,  0 ,  3 , 53 ,88 ,0 ,0 ,0 ,0 , 97 ,170 , 15 ,54 ,  3 ,231 ,155 ,  0 ,162 ,255 , 74 ,  1 ,84 ,143 ,84 ,143 ,84 ,143 , 12 ,  0 ,228 ,255 ,243 ,255 , 65 ,1 ,172 ,3 ,231 ,0 ,204 , 93 ,177 ,57 , 17 ,117 ,0 ,0 ,
4 ,0 ,4 ,0 ,23 ,0 ,0 ,0 ,16 ,0 ,69 ,0 ,8 ,184 ,29 ,16 ,1 ,58 ,62 ,8 ,14 ,26 ,58 ,1 , 80 ,108 ,253 ,155 ,169 ,35 ,0 ,0 ,3 ,0 ,131 ,159 ,158 , 53 ,88 ,0 ,0 ,0 ,0 ,188 ,171 , 27 ,55 , 76 ,232 ,190 ,  0 ,126 ,255 ,122 ,  2 ,84 ,143 ,84 ,143 ,84 ,143 , 48 ,  0 ,193 ,255 ,228 ,255 , 63 ,1 ,170 ,3 ,231 ,0 , 52 ,121 ,  4 ,58 , 25 ,117 ,0 ,0 ,
4 ,0 ,4 ,0 ,23 ,0 ,0 ,0 ,16 ,0 ,69 ,0 ,8 ,185 ,29 ,16 ,1 ,58 ,62 ,8 ,14 ,26 ,58 ,1 ,104 , 81 , 93 ,158 ,169 ,35 ,0 ,0 ,3 ,0 ,131 , 62 , 58 , 54 ,88 ,0 ,0 ,0 ,0 ,173 ,173 ,190 ,56 ,239 ,234 ,171 ,  0 , 10 ,255 , 62 ,  3 ,84 ,143 ,84 ,143 ,84 ,143 ,249 ,255 , 11 ,  0 ,250 ,255 , 63 ,1 ,169 ,3 ,229 ,0 ,251 , 20 ,  4 ,58 , 33 ,117 ,0 ,0 ,
4 ,0 ,4 ,0 ,23 ,0 ,0 ,0 ,16 ,0 ,69 ,0 ,8 ,186 ,29 ,16 ,1 ,58 ,62 ,8 ,14 ,26 ,58 ,1 ,128 , 54 ,189 ,160 ,169 ,35 ,0 ,0 ,3 ,0 ,131 ,221 ,213 , 54 ,88 ,0 ,0 ,0 ,0 ,173 ,175 , 81 ,58 ,223 ,237 ,116 ,  0 ,232 ,254 ,203 ,  2 ,84 ,143 ,84 ,143 ,84 ,143 ,213 ,255 , 65 ,  0 , 22 ,  0 , 65 ,1 ,172 ,3 ,229 ,0 , 82 ,228 , 54 ,58 , 41 ,117 ,0 ,0 ,
4 ,0 ,4 ,0 ,23 ,0 ,0 ,0 ,16 ,0 ,69 ,0 ,8 ,187 ,29 ,16 ,1 ,58 ,62 ,8 ,14 ,26 ,58 ,1 ,176 , 23 , 29 ,163 ,169 ,35 ,0 ,0 ,3 ,0 ,131 ,123 ,113 , 55 ,88 ,0 ,0 ,0 ,0 , 39 ,177 , 77 ,59 ,232 ,239 , 88 ,  0 ,146 ,255 ,133 ,  1 ,84 ,143 ,84 ,143 ,84 ,143 ,182 ,255 , 44 ,  0 , 48 ,  0 , 67 ,1 ,174 ,3 ,229 ,0 ,185 , 20 ,115 ,58 , 49 ,117 ,0 ,0 ,
4 ,0 ,4 ,0 ,23 ,0 ,0 ,0 ,16 ,0 ,69 ,0 ,8 ,188 ,29 ,16 ,1 ,58 ,62 ,8 ,14 ,26 ,58 ,1 ,200 ,252 ,124 ,165 ,169 ,35 ,0 ,0 ,3 ,0 ,131 , 26 , 13 , 56 ,88 ,0 ,0 ,0 ,0 ,225 ,177 ,229 ,59 ,142 ,240 , 35 ,  0 , 23 ,  0 , 77 ,  0 ,84 ,143 ,84 ,143 ,84 ,143 ,220 ,255 , 21 ,  0 , 24 ,  0 , 72 ,1 ,173 ,3 ,229 ,0 ,235 , 19 ,130 ,58 , 57 ,117 ,0 ,0 ,
4 ,0 ,4 ,0 ,23 ,0 ,0 ,0 ,16 ,0 ,69 ,0 ,8 ,189 ,29 ,16 ,1 ,58 ,62 ,8 ,14 ,26 ,58 ,1 ,224 ,225 ,220 ,167 ,169 ,35 ,0 ,0 ,3 ,0 ,131 ,185 ,168 , 56 ,88 ,0 ,0 ,0 ,0 ,205 ,177 ,231 ,59 , 57 ,240 , 14 ,  0 ,129 ,  0 , 71 ,255 ,84 ,143 ,84 ,143 ,84 ,143 ,235 ,255 , 16 ,  0 , 17 ,  0 , 77 ,1 ,172 ,3 ,228 ,0 ,123 ,184 ,129 ,58 , 65 ,117 ,0 ,0 ,
4 ,0 ,4 ,0 ,23 ,0 ,0 ,0 ,16 ,0 ,69 ,0 ,8 ,190 ,29 ,16 ,1 ,58 ,62 ,8 ,14 ,26 ,58 ,1 ,248 ,198 , 60 ,170 ,169 ,35 ,0 ,0 ,3 ,0 ,131 , 88 , 68 , 57 ,88 ,0 ,0 ,0 ,0 , 56 ,177 ,119 ,59 ,  7 ,239 ,209 ,255 ,101 ,  0 ,171 ,254 ,84 ,143 ,84 ,143 ,84 ,143 ,  7 ,  0 ,236 ,255 ,248 ,255 , 84 ,1 ,170 ,3 ,225 ,0 ,189 , 95 , 74 ,58 , 73 ,117 ,0 ,0 ,
4 ,0 ,4 ,0 ,23 ,0 ,0 ,0 ,16 ,0 ,69 ,0 ,8 ,191 ,29 ,16 ,1 ,58 ,62 ,8 ,14 ,26 ,58 ,1 , 40 ,168 ,156 ,172 ,169 ,35 ,0 ,0 ,3 ,4 ,131 ,246 ,223 , 57 ,88 ,0 ,0 ,0 ,0 , 23 ,176 ,150 ,58 ,169 ,237 ,128 ,255 ,110 ,  0 , 61 ,254 ,85 ,143 ,85 ,143 ,85 ,143 ,255 ,255 ,228 ,255 ,247 ,255 , 88 ,1 ,167 ,3 ,223 ,0 ,145 ,  4 , 48 ,58 , 81 ,117 ,0 ,0 ,
4 ,0 ,4 ,0 ,23 ,0 ,0 ,0 ,16 ,0 ,69 ,0 ,8 ,192 ,29 ,16 ,1 ,58 ,62 ,8 ,14 ,26 ,58 ,1 , 64 ,141 ,252 ,174 ,169 ,35 ,0 ,0 ,3 ,0 ,131 ,149 ,123 , 58 ,88 ,0 ,0 ,0 ,0 ,156 ,174 ,129 ,57 , 52 ,236 , 93 ,255 ,111 ,  0 ,206 ,253 ,85 ,143 ,85 ,143 ,85 ,143 , 23 ,  0 ,  5 ,  0 ,240 ,255 , 90 ,1 ,167 ,3 ,221 ,0 ,200 , 67 , 25 ,58 , 89 ,117 ,0 ,0 ,
4 ,0 ,4 ,0 ,23 ,0 ,0 ,0 ,16 ,0 ,69 ,0 ,8 ,193 ,29 ,16 ,1 ,58 ,62 ,8 ,14 ,26 ,58 ,1 , 88 ,114 , 92 ,177 ,169 ,35 ,0 ,0 ,3 ,4 ,131 , 52 , 23 , 59 ,88 ,0 ,0 ,0 ,0 ,225 ,172 , 35 ,56 ,165 ,234 , 20 ,255 , 71 ,  0 ,196 ,253 ,85 ,143 ,85 ,143 ,85 ,143 , 21 ,  0 ,  7 ,  0 ,247 ,255 , 91 ,1 ,167 ,3 ,221 ,0 , 88 ,155 ,107 ,57 , 97 ,117 ,0 ,0 ,
4 ,0 ,4 ,0 ,23 ,0 ,0 ,0 ,16 ,0 ,69 ,0 ,8 ,194 ,29 ,16 ,1 ,58 ,62 ,8 ,14 ,26 ,58 ,1 ,112 , 87 ,188 ,179 ,169 ,35 ,0 ,0 ,3 ,0 ,131 ,211 ,178 , 59 ,88 ,0 ,0 ,0 ,0 ,  3 ,171 ,153 ,54 , 14 ,233 , 98 ,255 ,120 ,  0 ,101 ,253 ,85 ,143 ,85 ,143 ,85 ,143 , 26 ,  0 , 36 ,  0 ,236 ,255 , 88 ,1 ,170 ,3 ,221 ,0 ,244 ,136 ,201 ,57 ,105 ,117 ,0 ,0 ,
4 ,0 ,4 ,0 ,23 ,0 ,0 ,0 ,16 ,0 ,69 ,0 ,8 ,195 ,29 ,16 ,1 ,58 ,62 ,8 ,14 ,26 ,58 ,1 ,136 , 60 , 28 ,182 ,169 ,35 ,0 ,0 ,3 ,0 ,131 ,114 , 78 , 60 ,88 ,0 ,0 ,0 ,0 ,122 ,169 ,252 ,52 , 29 ,231 ,144 ,255 , 57 ,  0 ,254 ,253 ,85 ,143 ,85 ,143 ,85 ,143 , 56 ,  0 ,219 ,255 ,218 ,255 , 85 ,1 ,170 ,3 ,221 ,0 ,232 ,118 ,246 ,57 ,113 ,117 ,0 ,0 ,
4 ,0 ,4 ,0 ,23 ,0 ,0 ,0 ,16 ,0 ,69 ,0 ,8 ,196 ,29 ,16 ,1 ,58 ,62 ,8 ,14 ,26 ,58 ,1 ,184 , 29 ,124 ,184 ,169 ,35 ,0 ,0 ,3 ,0 ,131 , 16 ,234 , 60 ,88 ,0 ,0 ,0 ,0 ,111 ,168 ,176 ,51 , 10 ,230 ,225 ,255 ,231 ,255 ,198 ,254 ,85 ,143 ,85 ,143 ,85 ,143 ,  1 ,  0 ,226 ,255 ,255 ,255 , 78 ,1 ,170 ,3 ,223 ,0 ,156 ,148 ,  6 ,58 ,121 ,117 ,0 ,0 ,
4 ,0 ,4 ,0 ,23 ,0 ,0 ,0 ,16 ,0 ,69 ,0 ,8 ,197 ,29 ,16 ,1 ,58 ,62 ,8 ,14 ,26 ,58 ,1 ,208 ,  2 ,220 ,186 ,169 ,35 ,0 ,0 ,3 ,0 ,131 ,175 ,133 , 61 ,88 ,0 ,0 ,0 ,0 ,248 ,167 ,  2 ,51 ,174 ,229 ,244 ,255 ,222 ,255 ,183 ,255 ,85 ,143 ,85 ,143 ,85 ,143 ,231 ,255 ,254 ,255 ,  7 ,  0 , 68 ,1 ,171 ,3 ,226 ,0 ,189 ,201 , 16 ,58 ,129 ,117 ,0 ,0 ,
4 ,0 ,4 ,0 ,23 ,0 ,0 ,0 ,16 ,0 ,69 ,0 ,8 ,198 ,29 ,16 ,1 ,58 ,62 ,8 ,14 ,26 ,58 ,1 ,232 ,231 , 59 ,189 ,169 ,35 ,0 ,0 ,3 ,0 ,131 , 78 , 33 , 62 ,88 ,0 ,0 ,0 ,0 ,  2 ,168 ,239 ,50 ,213 ,229 , 44 ,  0 ,194 ,255 ,110 ,  0 ,85 ,143 ,85 ,143 ,85 ,143 ,245 ,255 , 10 ,  0 ,  0 ,  0 , 58 ,1 ,174 ,3 ,229 ,0 ,114 , 88 ,  7 ,58 ,137 ,117 ,0 ,0 ,
4 ,0 ,4 ,0 ,23 ,0 ,0 ,0 ,16 ,0 ,69 ,0 ,8 ,199 ,29 ,16 ,1 ,58 ,62 ,8 ,14 ,26 ,58 ,1 ,  0 ,205 ,155 ,191 ,169 ,35 ,0 ,0 ,3 ,4 ,131 ,237 ,188 , 62 ,88 ,0 ,0 ,0 ,0 ,142 ,168 , 78 ,51 ,126 ,230 ,120 ,  0 ,157 ,255 , 53 ,  1 ,85 ,143 ,85 ,143 ,85 ,143 , 15 ,  0 ,253 ,255 ,246 ,255 , 50 ,1 ,176 ,3 ,231 ,0 ,119 ,213 ,  6 ,58 ,145 ,117 ,0 ,0 ,
4 ,0 ,4 ,0 ,23 ,0 ,0 ,0 ,16 ,0 ,69 ,0 ,8 ,200 ,29 ,16 ,1 ,58 ,62 ,8 ,14 ,26 ,58 ,1 , 48 ,174 ,251 ,193 ,169 ,35 ,0 ,0 ,3 ,0 ,131 ,139 , 88 , 63 ,88 ,0 ,0 ,0 ,0 ,189 ,169 , 59 ,52 ,221 ,231 ,200 ,  0 , 90 ,255 , 90 ,  2 ,85 ,143 ,85 ,143 ,85 ,143 , 25 ,  0 ,245 ,255 ,243 ,255 , 46 ,1 ,177 ,3 ,231 ,0 , 92 ,161 ,167 ,57 ,153 ,117 ,0 ,0 ,
4 ,0 ,4 ,0 ,23 ,0 ,0 ,0 ,16 ,0 ,69 ,0 ,8 ,201 ,29 ,16 ,1 ,58 ,62 ,8 ,14 ,26 ,58 ,1 , 72 ,147 , 91 ,196 ,169 ,35 ,0 ,0 ,3 ,0 ,131 , 42 ,244 , 63 ,88 ,0 ,0 ,0 ,0 ,157 ,171 ,198 ,53 , 73 ,234 ,222 ,  0 ,251 ,254 ,239 ,  2 ,85 ,143 ,85 ,143 ,85 ,143 ,  0 ,  0 , 57 ,  0 ,253 ,255 , 45 ,1 ,179 ,3 ,230 ,0 ,251 ,109 ,202 ,57 ,161 ,117 ,0 ,0 ,
4 ,0 ,4 ,0 ,23 ,0 ,0 ,0 ,16 ,0 ,69 ,0 ,8 ,202 ,29 ,16 ,1 ,58 ,62 ,8 ,14 ,26 ,58 ,1 , 96 ,120 ,187 ,198 ,169 ,35 ,0 ,0 ,3 ,0 ,131 ,201 ,143 , 64 ,88 ,0 ,0 ,0 ,0 ,133 ,173 ,255 ,54 ,137 ,236 ,187 ,  0 , 63 ,255 , 58 ,  2 ,85 ,143 ,85 ,143 ,85 ,143 ,195 ,255 ,  0 ,  0 , 18 ,  0 , 44 ,1 ,181 ,3 ,230 ,0 ,160 ,186 ,  8 ,58 ,169 ,117 ,0 ,0 ,
4 ,0 ,4 ,0 ,23 ,0 ,0 ,0 ,16 ,0 ,69 ,0 ,8 ,203 ,29 ,16 ,1 ,58 ,62 ,8 ,14 ,26 ,58 ,1 ,120 , 93 , 27 ,201 ,169 ,35 ,0 ,0 ,3 ,0 ,131 ,104 , 43 , 65 ,88 ,0 ,0 ,0 ,0 ,190 ,174 ,236 ,55 , 55 ,238 , 46 ,  0 ,135 ,255 , 94 ,  1 ,86 ,143 ,86 ,143 ,86 ,143 ,212 ,255 , 17 ,  0 , 15 ,  0 , 45 ,1 ,181 ,3 ,229 ,0 , 49 , 70 ,215 ,57 ,177 ,117 ,0 ,0 ,
4 ,0 ,4 ,0 ,23 ,0 ,0 ,0 ,16 ,0 ,69 ,0 ,8 ,204 ,29 ,16 ,1 ,58 ,62 ,8 ,14 ,26 ,58 ,1 ,144 , 66 ,123 ,203 ,169 ,35 ,0 ,0 ,3 ,0 ,131 ,  7 ,199 , 65 ,88 ,0 ,0 ,0 ,0 , 53 ,175 , 58 ,56 , 61 ,239 ,244 ,255 ,147 ,255 , 96 ,  0 ,86 ,143 ,86 ,143 ,86 ,143 ,216 ,255 , 10 ,  0 , 18 ,  0 , 48 ,1 ,181 ,3 ,228 ,0 ,196 ,241 ,223 ,57 ,185 ,117 ,0 ,0 ,
4 ,0 ,4 ,0 ,23 ,0 ,0 ,0 ,16 ,0 ,69 ,0 ,8 ,205 ,29 ,16 ,1 ,58 ,62 ,8 ,14 ,26 ,58 ,1 ,192 , 35 ,219 ,205 ,169 ,35 ,0 ,0 ,3 ,0 ,131 ,165 , 98 , 66 ,88 ,0 ,0 ,0 ,0 , 15 ,175 , 11 ,56 , 96 ,239 ,237 ,255 , 20 ,  0 ,120 ,255 ,86 ,143 ,86 ,143 ,86 ,143 ,251 ,255 ,  4 ,  0 ,251 ,255 , 52 ,1 ,181 ,3 ,226 ,0 ,143 , 87 ,222 ,57 ,193 ,117 ,0 ,0 ,
4 ,0 ,4 ,0 ,23 ,0 ,0 ,0 ,16 ,0 ,69 ,0 ,8 ,206 ,29 ,16 ,1 ,58 ,62 ,8 ,14 ,26 ,58 ,1 ,216 ,  8 , 59 ,208 ,169 ,35 ,0 ,0 ,3 ,0 ,131 , 68 ,254 , 66 ,88 ,0 ,0 ,0 ,0 ,111 ,174 ,101 ,55 ,188 ,238 ,178 ,255 , 34 ,  0 ,217 ,254 ,86 ,143 ,86 ,143 ,86 ,143 ,240 ,255 ,230 ,255 ,254 ,255 , 56 ,1 ,178 ,3 ,223 ,0 , 42 , 96 ,253 ,57 ,201 ,117 ,0 ,0 ,
4 ,0 ,4 ,0 ,23 ,0 ,0 ,0 ,16 ,0 ,69 ,0 ,8 ,207 ,29 ,16 ,1 ,58 ,62 ,8 ,14 ,26 ,58 ,1 ,240 ,237 ,154 ,210 ,169 ,35 ,0 ,0 ,3 ,4 ,131 ,227 ,153 , 67 ,88 ,0 ,0 ,0 ,0 , 80 ,173 ,123 ,54 ,179 ,237 , 77 ,255 , 64 ,  0 , 78 ,254 ,86 ,143 ,86 ,143 ,86 ,143 ,229 ,255 ,244 ,255 ,248 ,255 , 58 ,1 ,177 ,3 ,221 ,0 , 85 , 90 ,  3 ,58 ,209 ,117 ,0 ,0 ,
4 ,0 ,4 ,0 ,23 ,0 ,0 ,0 ,16 ,0 ,69 ,0 ,8 ,208 ,29 ,16 ,1 ,58 ,62 ,8 ,14 ,26 ,58 ,1 , 40 ,170 ,249 ,212 ,169 ,35 ,0 ,0 ,3 ,0 ,131 ,130 , 53 , 68 ,88 ,0 ,0 ,0 ,0 ,181 ,171 , 63 ,53 , 75 ,236 , 41 ,255 ,128 ,  0 ,150 ,253 ,86 ,143 ,86 ,143 ,86 ,143 ,233 ,255 , 26 ,  0 ,  0 ,  0 , 57 ,1 ,178 ,3 ,220 ,0 ,143 , 93 ,116 ,57 ,217 ,117 ,0 ,0 ,
4 ,0 ,4 ,0 ,23 ,0 ,0 ,0 ,16 ,0 ,69 ,0 ,8 ,209 ,29 ,16 ,1 ,58 ,62 ,8 ,14 ,26 ,58 ,1 , 88 ,139 , 89 ,215 ,169 ,35 ,0 ,0 ,3 ,0 ,131 , 32 ,209 , 68 ,88 ,0 ,0 ,0 ,0 ,208 ,169 ,166 ,51 , 44 ,234 , 68 ,255 ,170 ,  0 , 41 ,253 ,86 ,143 ,86 ,143 ,86 ,143 , 23 ,  0 , 38 ,  0 ,235 ,255 , 56 ,1 ,181 ,3 ,220 ,0 ,168 ,222 ,208 ,57 ,225 ,117 ,0 ,0 ,
4 ,0 ,4 ,0 ,23 ,0 ,0 ,0 ,16 ,0 ,69 ,0 ,8 ,210 ,29 ,16 ,1 ,58 ,62 ,8 ,14 ,26 ,58 ,1 ,112 ,112 ,185 ,217 ,169 ,35 ,0 ,0 ,3 ,0 ,131 ,191 ,108 , 69 ,88 ,0 ,0 ,0 ,0 , 45 ,168 ,209 ,49 ,199 ,231 ,223 ,255 ,151 ,  0 ,100 ,253 ,86 ,143 ,86 ,143 ,86 ,143 , 49 ,  0 , 15 ,  0 ,232 ,255 , 52 ,1 ,184 ,3 ,220 ,0 , 38 ,222 , 13 ,58 ,233 ,117 ,0 ,0 ,
4 ,0 ,4 ,0 ,23 ,0 ,0 ,0 ,16 ,0 ,69 ,0 ,8 ,211 ,29 ,16 ,1 ,58 ,62 ,8 ,14 ,26 ,58 ,1 ,136 , 85 , 25 ,220 ,169 ,35 ,0 ,0 ,3 ,0 ,131 , 94 ,  8 , 70 ,88 ,0 ,0 ,0 ,0 ,118 ,167 ,111 ,48 ,244 ,229 , 23 ,  0 ,  7 ,  0 , 50 ,255 ,86 ,143 ,86 ,143 ,86 ,143 , 34 ,  0 ,170 ,255 ,  0 ,  0 , 47 ,1 ,182 ,3 ,221 ,0 ,212 ,229 ,147 ,58 ,241 ,117 ,0 ,0 ,
4 ,0 ,4 ,0 ,23 ,0 ,0 ,0 ,16 ,0 ,69 ,0 ,8 ,212 ,29 ,16 ,1 ,58 ,62 ,8 ,14 ,26 ,58 ,1 ,160 , 58 ,121 ,222 ,169 ,35 ,0 ,0 ,3 ,0 ,131 ,253 ,163 , 70 ,88 ,0 ,0 ,0 ,0 ,125 ,167 , 66 ,48 ,235 ,229 , 53 ,  0 ,246 ,255 ,100 ,  0 ,86 ,143 ,86 ,143 ,86 ,143 ,209 ,255 , 11 ,  0 , 23 ,  0 , 37 ,1 ,183 ,3 ,224 ,0 , 73 ,169 ,155 ,58 ,249 ,117 ,0 ,0 ,
4 ,0 ,4 ,0 ,23 ,0 ,0 ,0 ,16 ,0 ,69 ,0 ,8 ,213 ,29 ,16 ,1 ,58 ,62 ,8 ,14 ,26 ,58 ,1 ,208 , 27 ,217 ,224 ,169 ,35 ,0 ,0 ,3 ,0 ,131 ,155 , 63 , 71 ,88 ,0 ,0 ,0 ,0 ,250 ,167 ,183 ,48 , 63 ,230 , 87 ,  0 ,  0 ,  0 ,184 ,  0 ,86 ,143 ,86 ,143 ,86 ,143 ,237 ,255 , 28 ,  0 ,250 ,255 , 27 ,1 ,186 ,3 ,225 ,0 ,149 ,210 ,152 ,58 ,  1 ,118 ,0 ,0 ,
4 ,0 ,4 ,0 ,23 ,0 ,0 ,0 ,16 ,0 ,69 ,0 ,8 ,214 ,29 ,16 ,1 ,58 ,62 ,8 ,14 ,26 ,58 ,1 ,232 ,  0 , 57 ,227 ,169 ,35 ,0 ,0 ,3 ,0 ,131 , 58 ,219 , 71 ,88 ,0 ,0 ,0 ,0 ,168 ,168 , 78 ,49 ,214 ,230 , 97 ,  0 ,200 ,255 , 21 ,  1 ,86 ,143 ,86 ,143 ,86 ,143 ,  3 ,  0 ,250 ,255 ,243 ,255 , 21 ,1 ,188 ,3 ,225 ,0 , 98 ,156 ,150 ,58 ,  9 ,118 ,0 ,0 ,
4 ,0 ,4 ,0 ,23 ,0 ,0 ,0 ,16 ,0 ,69 ,0 ,8 ,215 ,29 ,16 ,1 ,58 ,62 ,8 ,14 ,26 ,58 ,1 ,  0 ,230 ,152 ,229 ,169 ,35 ,0 ,0 ,3 ,4 ,131 ,217 ,118 , 72 ,88 ,0 ,0 ,0 ,0 ,130 ,169 , 32 ,50 ,190 ,231 ,122 ,  0 ,194 ,255 ,208 ,  1 ,87 ,143 ,87 ,143 ,87 ,143 , 35 ,  0 ,218 ,255 ,232 ,255 , 18 ,1 ,188 ,3 ,224 ,0 ,218 ,182 ,143 ,58 , 17 ,118 ,0 ,0 ,
4 ,0 ,4 ,0 ,23 ,0 ,0 ,0 ,16 ,0 ,69 ,0 ,8 ,216 ,29 ,16 ,1 ,58 ,62 ,8 ,14 ,26 ,58 ,1 , 24 ,203 ,248 ,231 ,169 ,35 ,0 ,0 ,3 ,0 ,131 ,120 , 18 , 73 ,88 ,0 ,0 ,0 ,0 , 10 ,171 ,167 ,51 ,121 ,233 ,194 ,  0 ,155 ,255 ,230 ,  2 ,87 ,143 ,87 ,143 ,87 ,143 , 54 ,  0 ,219 ,255 ,223 ,255 , 19 ,1 ,187 ,3 ,222 ,0 ,108 ,  2 ,128 ,58 , 25 ,118 ,0 ,0 ,
4 ,0 ,4 ,0 ,23 ,0 ,0 ,0 ,16 ,0 ,69 ,0 ,8 ,217 ,29 ,16 ,1 ,58 ,62 ,8 ,14 ,26 ,58 ,1 , 48 ,176 , 88 ,234 ,169 ,35 ,0 ,0 ,3 ,0 ,131 , 23 ,174 , 73 ,88 ,0 ,0 ,0 ,0 , 74 ,173 ,202 ,53 , 40 ,236 ,211 ,  0 , 26 ,255 ,140 ,  3 ,87 ,143 ,87 ,143 ,87 ,143 , 41 ,  0 ,249 ,255 ,213 ,255 , 24 ,1 ,186 ,3 ,218 ,0 ,184 , 73 , 27 ,58 , 33 ,118 ,0 ,0 ,
4 ,0 ,4 ,0 ,23 ,0 ,0 ,0 ,16 ,0 ,69 ,0 ,8 ,218 ,29 ,16 ,1 ,58 ,62 ,8 ,14 ,26 ,58 ,1 , 96 ,145 ,184 ,236 ,169 ,35 ,0 ,0 ,3 ,0 ,131 ,181 , 73 , 74 ,88 ,0 ,0 ,0 ,0 ,110 ,175 ,131 ,55 , 64 ,239 ,115 ,  0 ,  9 ,255 ,213 ,  2 ,87 ,143 ,87 ,143 ,87 ,143 ,164 ,255 , 39 ,  0 , 40 ,  0 , 27 ,1 ,186 ,3 ,216 ,0 ,202 , 89 ,160 ,57 , 41 ,118 ,0 ,0 ,
4 ,0 ,4 ,0 ,23 ,0 ,0 ,0 ,16 ,0 ,69 ,0 ,8 ,219 ,29 ,16 ,1 ,58 ,62 ,8 ,14 ,26 ,58 ,1 ,120 ,118 , 24 ,239 ,169 ,35 ,0 ,0 ,3 ,0 ,131 , 84 ,229 , 74 ,88 ,0 ,0 ,0 ,0 ,205 ,176 ,184 ,56 ,  4 ,241 , 81 ,  0 ,238 ,255 , 20 ,  1 ,87 ,143 ,87 ,143 ,87 ,143 ,192 ,255 , 76 ,  0 , 41 ,  0 , 30 ,1 ,188 ,3 ,216 ,0 ,246 , 48 , 20 ,58 , 49 ,118 ,0 ,0 ,
4 ,0 ,4 ,0 ,23 ,0 ,0 ,0 ,16 ,0 ,69 ,0 ,8 ,220 ,29 ,16 ,1 ,58 ,62 ,8 ,14 ,26 ,58 ,1 ,144 , 91 ,120 ,241 ,169 ,35 ,0 ,0 ,3 ,0 ,131 ,243 ,128 , 75 ,88 ,0 ,0 ,0 ,0 , 23 ,177 ,  9 ,57 , 39 ,241 ,215 ,255 , 84 ,  0 ,186 ,255 ,87 ,143 ,87 ,143 ,87 ,143 ,215 ,255 , 22 ,  0 , 33 ,  0 , 36 ,1 ,188 ,3 ,215 ,0 ,253 ,202 , 31 ,58 , 57 ,118 ,0 ,0 ,
4 ,0 ,4 ,0 ,23 ,0 ,0 ,0 ,16 ,0 ,69 ,0 ,8 ,221 ,29 ,16 ,1 ,58 ,62 ,8 ,14 ,26 ,58 ,1 ,168 , 64 ,216 ,243 ,169 ,35 ,0 ,0 ,3 ,0 ,131 ,146 , 28 , 76 ,88 ,0 ,0 ,0 ,0 ,175 ,176 ,253 ,56 , 61 ,240 ,217 ,255 ,103 ,  0 , 32 ,255 ,87 ,143 ,87 ,143 ,87 ,143 , 47 ,  0 ,209 ,255 ,227 ,255 , 46 ,1 ,185 ,3 ,212 ,0 , 77 , 23 , 29 ,58 , 65 ,118 ,0 ,0 ,
4 ,0 ,4 ,0 ,23 ,0 ,0 ,0 ,16 ,0 ,69 ,0 ,8 ,222 ,29 ,16 ,1 ,58 ,62 ,8 ,14 ,26 ,58 ,1 ,216 , 33 , 56 ,246 ,169 ,35 ,0 ,0 ,3 ,0 ,131 , 48 ,184 , 76 ,88 ,0 ,0 ,0 ,0 , 17 ,176 ,165 ,56 ,181 ,239 ,162 ,255 , 31 ,  0 ,103 ,255 ,87 ,143 ,87 ,143 ,87 ,143 ,  8 ,  0 ,224 ,255 ,240 ,255 , 54 ,1 ,180 ,3 ,208 ,0 ,176 ,126 , 50 ,58 , 73 ,118 ,0 ,0 ,
4 ,0 ,4 ,0 ,23 ,0 ,0 ,0 ,16 ,0 ,69 ,0 ,8 ,223 ,29 ,16 ,1 ,58 ,62 ,8 ,14 ,26 ,58 ,1 ,240 ,  6 ,152 ,248 ,169 ,35 ,0 ,0 ,3 ,4 ,131 ,207 , 83 , 77 ,88 ,0 ,0 ,0 ,0 ,167 ,175 ,128 ,56 ,153 ,239 ,178 ,255 ,  3 ,  0 ,172 ,255 ,87 ,143 ,87 ,143 ,87 ,143 ,  0 ,  0 ,  6 ,  0 ,244 ,255 , 60 ,1 ,178 ,3 ,205 ,0 ,178 , 11 , 51 ,58 , 81 ,118 ,0 ,0 ,
4 ,0 ,4 ,0 ,23 ,0 ,0 ,0 ,16 ,0 ,69 ,0 ,8 ,224 ,29 ,16 ,1 ,58 ,62 ,8 ,14 ,26 ,58 ,1 ,  8 ,236 ,247 ,250 ,169 ,35 ,0 ,0 ,3 ,4 ,131 ,110 ,239 , 77 ,88 ,0 ,0 ,0 ,0 ,112 ,175 ,107 ,56 ,150 ,239 ,211 ,255 , 29 ,  0 ,201 ,255 ,87 ,143 ,87 ,143 ,87 ,143 ,237 ,255 , 22 ,  0 , 13 ,  0 , 64 ,1 ,177 ,3 ,204 ,0 , 40 , 41 , 56 ,58 , 89 ,118 ,0 ,0 ,
4 ,0 ,4 ,0 ,23 ,0 ,0 ,0 ,16 ,0 ,69 ,0 ,8 ,225 ,29 ,16 ,1 ,58 ,62 ,8 ,14 ,26 ,58 ,1 , 32 ,209 , 87 ,253 ,169 ,35 ,0 ,0 ,3 ,4 ,131 , 13 ,139 , 78 ,88 ,0 ,0 ,0 ,0 , 85 ,175 ,111 ,56 ,101 ,239 ,242 ,255 , 50 ,  0 ,225 ,255 ,87 ,143 ,87 ,143 ,87 ,143 ,246 ,255 , 21 ,  0 ,  8 ,  0 , 68 ,1 ,177 ,3 ,204 ,0 ,117 ,228 ,  6 ,58 , 97 ,118 ,0 ,0 ,
4 ,0 ,4 ,0 ,23 ,0 ,0 ,0 ,16 ,0 ,69 ,0 ,8 ,226 ,29 ,16 ,1 ,58 ,62 ,8 ,14 ,26 ,58 ,1 , 56 ,182 ,183 ,255 ,169 ,35 ,0 ,0 ,3 ,4 ,131 ,172 , 38 , 79 ,88 ,0 ,0 ,0 ,0 , 67 ,175 ,122 ,56 , 29 ,239 ,  0 ,  0 , 53 ,  0 ,228 ,255 ,88 ,143 ,88 ,143 ,88 ,143 ,249 ,255 , 11 ,  0 ,  8 ,  0 , 72 ,1 ,177 ,3 ,203 ,0 ,  4 ,205 ,188 ,57 ,105 ,118 ,0 ,0 ,
4 ,0 ,4 ,0 ,23 ,0 ,0 ,0 ,16 ,0 ,69 ,0 ,8 ,227 ,29 ,16 ,1 ,58 ,62 ,8 ,14 ,26 ,58 ,1 ,104 ,151 , 23 ,  2 ,170 ,35 ,0 ,0 ,3 ,4 ,131 , 74 ,194 , 79 ,88 ,0 ,0 ,0 ,0 , 52 ,175 ,133 ,56 ,220 ,238 ,  0 ,  0 , 44 ,  0 ,231 ,255 ,88 ,143 ,88 ,143 ,88 ,143 ,254 ,255 , 10 ,  0 ,  1 ,  0 , 76 ,1 ,177 ,3 ,203 ,0 , 72 , 23 ,187 ,57 ,113 ,118 ,0 ,0 ,
4 ,0 ,4 ,0 ,23 ,0 ,0 ,0 ,16 ,0 ,69 ,0 ,8 ,228 ,29 ,16 ,1 ,58 ,62 ,8 ,14 ,26 ,58 ,1 ,128 ,124 ,119 ,  4 ,170 ,35 ,0 ,0 ,3 ,4 ,131 ,233 , 93 , 80 ,88 ,0 ,0 ,0 ,0 , 37 ,175 ,131 ,56 ,166 ,238 ,254 ,255 , 16 ,  0 ,222 ,255 ,88 ,143 ,88 ,143 ,88 ,143 ,  1 ,  0 ,253 ,255 ,250 ,255 , 79 ,1 ,176 ,3 ,202 ,0 , 81 ,164 , 63 ,57 ,121 ,118 ,0 ,0 ,
4 ,0 ,4 ,0 ,23 ,0 ,0 ,0 ,16 ,0 ,69 ,0 ,8 ,229 ,29 ,16 ,1 ,58 ,62 ,8 ,14 ,26 ,58 ,1 ,152 , 97 ,215 ,  6 ,170 ,35 ,0 ,0 ,3 ,4 ,131 ,136 ,249 , 80 ,88 ,0 ,0 ,0 ,0 , 12 ,175 ,108 ,56 ,137 ,238 ,240 ,255 ,  1 ,  0 ,217 ,255 ,88 ,143 ,88 ,143 ,88 ,143 ,253 ,255 ,247 ,255 ,251 ,255 , 82 ,1 ,175 ,3 ,201 ,0 , 53 ,198 ,  1 ,57 ,129 ,118 ,0 ,0 ,
4 ,0 ,4 ,0 ,23 ,0 ,0 ,0 ,16 ,0 ,69 ,0 ,8 ,230 ,29 ,16 ,1 ,58 ,62 ,8 ,14 ,26 ,58 ,1 ,176 , 70 , 55 ,  9 ,170 ,35 ,0 ,0 ,3 ,4 ,131 , 39 ,149 , 81 ,88 ,0 ,0 ,0 ,0 ,222 ,174 , 74 ,56 ,116 ,238 ,230 ,255 ,  6 ,  0 ,191 ,255 ,88 ,143 ,88 ,143 ,88 ,143 ,  0 ,  0 ,  8 ,  0 ,252 ,255 , 85 ,1 ,174 ,3 ,200 ,0 , 82 , 78 ,253 ,56 ,137 ,118 ,0 ,0 ,
4 ,0 ,4 ,0 ,23 ,0 ,0 ,0 ,16 ,0 ,69 ,0 ,8 ,231 ,29 ,16 ,1 ,58 ,62 ,8 ,14 ,26 ,58 ,1 ,224 , 39 ,151 , 11 ,170 ,35 ,0 ,0 ,3 ,4 ,131 ,197 , 48 , 82 ,88 ,0 ,0 ,0 ,0 ,174 ,174 , 11 ,56 , 74 ,238 ,249 ,255 ,242 ,255 ,195 ,255 ,88 ,143 ,88 ,143 ,88 ,143 ,247 ,255 ,251 ,255 ,  0 ,  0 , 87 ,1 ,173 ,3 ,200 ,0 , 91 ,130 ,180 ,56 ,145 ,118 ,0 ,0 ,
4 ,0 ,4 ,0 ,23 ,0 ,0 ,0 ,16 ,0 ,69 ,0 ,8 ,232 ,29 ,16 ,1 ,58 ,62 ,8 ,14 ,26 ,58 ,1 ,248 , 12 ,247 , 13 ,170 ,35 ,0 ,0 ,3 ,4 ,131 ,100 ,204 , 82 ,88 ,0 ,0 ,0 ,0 ,142 ,174 ,215 ,55 , 53 ,238 ,  0 ,  0 ,238 ,255 ,217 ,255 ,88 ,143 ,88 ,143 ,88 ,143 ,247 ,255 ,  6 ,  0 ,  3 ,  0 , 88 ,1 ,173 ,3 ,200 ,0 ,181 , 12 , 58 ,56 ,153 ,118 ,0 ,0 ,
4 ,0 ,4 ,0 ,23 ,0 ,0 ,0 ,16 ,0 ,69 ,0 ,8 ,233 ,29 ,16 ,1 ,58 ,62 ,8 ,14 ,26 ,58 ,1 , 16 ,242 , 86 , 16 ,170 ,35 ,0 ,0 ,3 ,4 ,131 ,  3 ,104 , 83 ,88 ,0 ,0 ,0 ,0 ,130 ,174 ,184 ,55 , 33 ,238 ,  7 ,  0 ,  0 ,  0 ,235 ,255 ,88 ,143 ,88 ,143 ,88 ,143 ,247 ,255 ,  2 ,  0 ,  0 ,  0 , 89 ,1 ,173 ,3 ,199 ,0 , 92 , 45 ,  9 ,56 ,161 ,118 ,0 ,0 ,
4 ,0 ,4 ,0 ,23 ,0 ,0 ,0 ,16 ,0 ,69 ,0 ,8 ,234 ,29 ,16 ,1 ,58 ,62 ,8 ,14 ,26 ,58 ,1 , 40 ,215 ,182 , 18 ,170 ,35 ,0 ,0 ,3 ,4 ,131 ,162 ,  3 , 84 ,88 ,0 ,0 ,0 ,0 ,125 ,174 ,172 ,55 , 27 ,238 ,  6 ,  0 ,252 ,255 ,  2 ,  0 ,88 ,143 ,88 ,143 ,88 ,143 ,243 ,255 ,  2 ,  0 ,255 ,255 , 90 ,1 ,173 ,3 ,199 ,0 ,221 , 44 ,212 ,55 ,169 ,118 ,0 ,0 ,
4 ,0 ,4 ,0 ,23 ,0 ,0 ,0 ,16 ,0 ,69 ,0 ,8 ,235 ,29 ,16 ,1 ,58 ,62 ,8 ,14 ,26 ,58 ,1 , 64 ,188 , 22 , 21 ,170 ,35 ,0 ,0 ,3 ,4 , 67 , 65 ,159 , 84 ,88 ,0 ,0 ,0 ,0 ,132 ,174 ,176 ,55 , 29 ,238 ,  6 ,  0 ,  0 ,  0 , 10 ,  0 ,88 ,143 ,88 ,143 ,88 ,143 ,244 ,255 ,  4 ,  0 ,  2 ,  0 , 91 ,1 ,173 ,3 ,199 ,0 , 32 , 66 ,191 ,55 ,177 ,118 ,0 ,0 ,
4 ,0 ,4 ,0 ,23 ,0 ,0 ,0 ,16 ,0 ,69 ,0 ,8 ,236 ,29 ,16 ,1 ,58 ,62 ,8 ,14 ,26 ,58 ,1 ,112 ,157 ,118 , 23 ,170 ,35 ,0 ,0 ,3 ,4 , 67 ,223 , 58 , 85 ,88 ,0 ,0 ,0 ,0 ,140 ,174 ,188 ,55 , 20 ,238 ,  0 ,  0 , 19 ,  0 ,  5 ,  0 ,88 ,143 ,88 ,143 ,88 ,143 ,245 ,255 ,  5 ,  0 ,  4 ,  0 , 92 ,1 ,172 ,3 ,199 ,0 ,105 ,231 ,131 ,55 ,185 ,118 ,0 ,0 ,
4 ,0 ,4 ,0 ,23 ,0 ,0 ,0 ,16 ,0 ,69 ,0 ,8 ,237 ,29 ,16 ,1 ,58 ,62 ,8 ,14 ,26 ,58 ,1 ,136 ,130 ,214 , 25 ,170 ,35 ,0 ,0 ,3 ,4 , 67 ,126 ,214 , 85 ,88 ,0 ,0 ,0 ,0 ,147 ,174 ,212 ,55 ,253 ,237 ,  0 ,  0 , 31 ,  0 , 10 ,  0 ,88 ,143 ,88 ,143 ,88 ,143 ,252 ,255 ,  2 ,  0 ,254 ,255 , 93 ,1 ,172 ,3 ,199 ,0 , 86 ,192 , 17 ,55 ,193 ,118 ,0 ,0 ,
4 ,0 ,4 ,0 ,23 ,0 ,0 ,0 ,16 ,0 ,69 ,0 ,8 ,238 ,29 ,16 ,1 ,58 ,62 ,8 ,14 ,26 ,58 ,1 ,160 ,103 , 54 , 28 ,170 ,35 ,0 ,0 ,3 ,4 , 67 , 29 ,114 , 86 ,88 ,0 ,0 ,0 ,0 ,155 ,174 ,221 ,55 ,231 ,237 , 14 ,  0 ,  6 ,  0 ,  0 ,  0 ,89 ,143 ,89 ,143 ,89 ,143 ,253 ,255 ,  0 ,  0 ,254 ,255 , 94 ,1 ,172 ,3 ,198 ,0 ,224 ,114 , 27 ,55 ,201 ,118 ,0 ,0 ,
4 ,0 ,4 ,0 ,23 ,0 ,0 ,0 ,16 ,0 ,69 ,0 ,8 ,239 ,29 ,16 ,1 ,58 ,62 ,8 ,14 ,26 ,58 ,1 ,184 , 76 ,150 , 30 ,170 ,35 ,0 ,0 ,3 ,4 , 67 ,188 , 13 , 87 ,88 ,0 ,0 ,0 ,0 ,160 ,174 ,219 ,55 ,216 ,237 , 11 ,  0 ,  0 ,  0 ,250 ,255 ,89 ,143 ,89 ,143 ,89 ,143 ,  1 ,  0 ,  4 ,  0 ,251 ,255 , 95 ,1 ,172 ,3 ,198 ,0 ,228 ,137 ,253 ,54 ,209 ,118 ,0 ,0 ,
4 ,0 ,4 ,0 ,23 ,0 ,0 ,0 ,16 ,0 ,69 ,0 ,8 ,240 ,29 ,16 ,1 ,58 ,62 ,8 ,14 ,26 ,58 ,1 ,232 , 45 ,246 , 32 ,170 ,35 ,0 ,0 ,3 ,4 , 67 , 90 ,169 , 87 ,88 ,0 ,0 ,0 ,0 ,158 ,174 ,200 ,55 ,209 ,237 ,  2 ,  0 ,242 ,255 ,244 ,255 ,89 ,143 ,89 ,143 ,89 ,143 ,255 ,255 ,  0 ,  0 ,250 ,255 , 96 ,1 ,172 ,3 ,197 ,0 , 74 ,193 ,  9 ,55 ,217 ,118 ,0 ,0 ,
4 ,0 ,4 ,0 ,23 ,0 ,0 ,0 ,16 ,0 ,69 ,0 ,8 ,241 ,29 ,16 ,1 ,58 ,62 ,8 ,14 ,26 ,58 ,1 ,  0 , 19 , 86 , 35 ,170 ,35 ,0 ,0 ,3 ,4 , 67 ,249 , 68 , 88 ,88 ,0 ,0 ,0 ,0 ,148 ,174 ,181 ,55 ,208 ,237 ,252 ,255 ,248 ,255 ,246 ,255 ,89 ,143 ,89 ,143 ,89 ,143 ,249 ,255 ,  0 ,  0 ,249 ,255 , 97 ,1 ,172 ,3 ,196 ,0 ,158 ,110 ,  2 ,55 ,225 ,118 ,0 ,0 ,
4 ,0 ,4 ,0 ,23 ,0 ,0 ,0 ,16 ,0 ,69 ,0 ,8 ,242 ,29 ,16 ,1 ,58 ,62 ,8 ,14 ,26 ,58 ,1 , 24 ,248 ,181 , 37 ,170 ,35 ,0 ,0 ,3 ,4 , 67 ,152 ,224 , 88 ,88 ,0 ,0 ,0 ,0 ,143 ,174 ,168 ,55 ,207 ,237 ,255 ,255 ,  4 ,  0 ,  0 ,  0 ,89 ,143 ,89 ,143 ,89 ,143 ,245 ,255 ,251 ,255 ,254 ,255 , 97 ,1 ,171 ,3 ,196 ,0 ,123 ,217 , 67 ,55 ,233 ,118 ,0 ,0 ,
4 ,0 ,4 ,0 ,23 ,0 ,0 ,0 ,16 ,0 ,69 ,0 ,8 ,243 ,29 ,16 ,1 ,58 ,62 ,8 ,14 ,26 ,58 ,1 , 48 ,221 , 21 , 40 ,170 ,35 ,0 ,0 ,3 ,4 , 67 , 55 ,124 , 89 ,88 ,0 ,0 ,0 ,0 ,146 ,174 ,178 ,55 ,202 ,237 ,  3 ,  0 , 14 ,  0 , 10 ,  0 ,89 ,143 ,89 ,143 ,89 ,143 ,253 ,255 ,254 ,255 ,250 ,255 , 98 ,1 ,171 ,3 ,195 ,0 ,126 ,101 , 87 ,55 ,241 ,118 ,0 ,0 ,
4 ,0 ,4 ,0 ,23 ,0 ,0 ,0 ,16 ,0 ,69 ,0 ,8 ,244 ,29 ,16 ,1 ,58 ,62 ,8 ,14 ,26 ,58 ,1 , 72 ,194 ,117 , 42 ,170 ,35 ,0 ,0 ,3 ,4 , 67 ,214 , 23 , 90 ,88 ,0 ,0 ,0 ,0 ,164 ,174 ,206 ,55 ,209 ,237 ,247 ,255 ,  5 ,  0 , 50 ,  0 ,89 ,143 ,89 ,143 ,89 ,143 ,  0 ,  0 ,245 ,255 ,245 ,255 , 98 ,1 ,170 ,3 ,194 ,0 , 73 ,123 ,237 ,55 ,249 ,118 ,0 ,0 ,
4 ,0 ,4 ,0 ,23 ,0 ,0 ,0 ,16 ,0 ,69 ,0 ,8 ,245 ,29 ,16 ,1 ,58 ,62 ,8 ,14 ,26 ,58 ,1 ,120 ,163 ,213 , 44 ,170 ,35 ,0 ,0 ,3 ,4 , 67 ,116 ,179 , 90 ,88 ,0 ,0 ,0 ,0 ,180 ,174 ,241 ,55 ,  2 ,238 ,241 ,255 ,250 ,255 , 47 ,  0 ,89 ,143 ,89 ,143 ,89 ,143 ,250 ,255 ,  8 ,  0 ,  0 ,  0 , 99 ,1 ,170 ,3 ,194 ,0 ,158 ,  5 ,255 ,55 ,  1 ,119 ,0 ,0 ,
4 ,0 ,4 ,0 ,23 ,0 ,0 ,0 ,16 ,0 ,69 ,0 ,8 ,246 ,29 ,16 ,1 ,58 ,62 ,8 ,14 ,26 ,58 ,1 ,144 ,136 , 53 , 47 ,170 ,35 ,0 ,0 ,3 ,4 ,131 , 19 , 79 , 91 ,88 ,0 ,0 ,0 ,0 ,191 ,174 , 11 ,56 , 32 ,238 ,248 ,255 ,  4 ,  0 , 20 ,  0 ,89 ,143 ,89 ,143 ,89 ,143 ,247 ,255 ,  9 ,  0 ,  1 ,  0 ,100 ,1 ,171 ,3 ,194 ,0 , 57 ,122 , 28 ,56 ,  9 ,119 ,0 ,0 ,
4 ,0 ,4 ,0 ,23 ,0 ,0 ,0 ,16 ,0 ,69 ,0 ,8 ,247 ,29 ,16 ,1 ,58 ,62 ,8 ,14 ,26 ,58 ,1 ,168 ,109 ,149 , 49 ,170 ,35 ,0 ,0 ,3 ,4 ,131 ,178 ,234 , 91 ,88 ,0 ,0 ,0 ,0 ,194 ,174 , 23 ,56 , 32 ,238 ,255 ,255 ,  7 ,  0 ,  0 ,  0 ,89 ,143 ,89 ,143 ,89 ,143 ,252 ,255 ,  7 ,  0 ,254 ,255 ,101 ,1 ,171 ,3 ,194 ,0 ,232 ,188 , 54 ,56 , 17 ,119 ,0 ,0 ,
4 ,0 ,4 ,0 ,23 ,0 ,0 ,0 ,16 ,0 ,69 ,0 ,8 ,248 ,29 ,16 ,1 ,58 ,62 ,8 ,14 ,26 ,58 ,1 ,192 , 82 ,245 , 51 ,170 ,35 ,0 ,0 ,3 ,4 ,131 , 81 ,134 , 92 ,88 ,0 ,0 ,0 ,0 ,187 ,174 , 18 ,56 , 13 ,238 ,  0 ,  0 , 13 ,  0 ,239 ,255 ,89 ,143 ,89 ,143 ,89 ,143 ,250 ,255 ,  3 ,  0 ,  1 ,  0 ,101 ,1 ,171 ,3 ,194 ,0 , 47 ,  7 , 61 ,56 , 25 ,119 ,0 ,0 ,
4 ,0 ,4 ,0 ,23 ,0 ,0 ,0 ,16 ,0 ,69 ,0 ,8 ,249 ,29 ,16 ,1 ,58 ,62 ,8 ,14 ,26 ,58 ,1 ,240 , 51 , 85 , 54 ,170 ,35 ,0 ,0 ,3 ,4 ,131 ,239 , 33 , 93 ,88 ,0 ,0 ,0 ,0 ,176 ,174 , 10 ,56 ,238 ,237 ,251 ,255 ,  9 ,  0 ,231 ,255 ,89 ,143 ,89 ,143 ,89 ,143 ,  1 ,  0 ,254 ,255 ,251 ,255 ,102 ,1 ,171 ,3 ,194 ,0 , 44 ,  3 , 45 ,56 , 33 ,119 ,0 ,0 ,
4 ,0 ,4 ,0 ,23 ,0 ,0 ,0 ,16 ,0 ,69 ,0 ,8 ,250 ,29 ,16 ,1 ,58 ,62 ,8 ,14 ,26 ,58 ,1 ,  8 , 25 ,181 , 56 ,170 ,35 ,0 ,0 ,3 ,4 ,131 ,142 ,189 , 93 ,88 ,0 ,0 ,0 ,0 ,156 ,174 ,251 ,55 ,222 ,237 ,242 ,255 ,252 ,255 ,244 ,255 ,90 ,143 ,90 ,143 ,90 ,143 ,250 ,255 ,248 ,255 ,249 ,255 ,103 ,1 ,170 ,3 ,194 ,0 ,  6 ,254 , 12 ,56 , 41 ,119 ,0 ,0 ,
4 ,0 ,4 ,0 ,23 ,0 ,0 ,0 ,16 ,0 ,69 ,0 ,8 ,251 ,29 ,16 ,1 ,58 ,62 ,8 ,14 ,26 ,58 ,1 , 32 ,254 , 20 , 59 ,170 ,35 ,0 ,0 ,3 ,4 ,131 , 45 , 89 , 94 ,88 ,0 ,0 ,0 ,0 ,138 ,174 ,241 ,55 ,228 ,237 ,245 ,255 ,255 ,255 ,242 ,255 ,90 ,143 ,90 ,143 ,90 ,143 ,249 ,255 ,  5 ,  0 ,  4 ,  0 ,103 ,1 ,170 ,3 ,194 ,0 ,169 ,250 ,  2 ,56 , 49 ,119 ,0 ,0 ,
4 ,0 ,4 ,0 ,23 ,0 ,0 ,0 ,16 ,0 ,69 ,0 ,8 ,252 ,29 ,16 ,1 ,58 ,62 ,8 ,14 ,26 ,58 ,1 , 56 ,227 ,116 , 61 ,170 ,35 ,0 ,0 ,3 ,4 , 67 ,204 ,244 , 94 ,88 ,0 ,0 ,0 ,0 ,126 ,174 ,240 ,55 ,213 ,237 ,253 ,255 , 18 ,  0 ,242 ,255 ,90 ,143 ,90 ,143 ,90 ,143 ,253 ,255 ,  6 ,  0 ,  0 ,  0 ,104 ,1 ,170 ,3 ,194 ,0 ,254 ,192 ,248 ,55 , 57 ,119 ,0 ,0 ,
4 ,0 ,4 ,0 ,23 ,0 ,0 ,0 ,16 ,0 ,69 ,0 ,8 ,253 ,29 ,16 ,1 ,58 ,62 ,8 ,14 ,26 ,58 ,1 , 80 ,200 ,212 , 63 ,170 ,35 ,0 ,0 ,3 ,4 , 67 ,107 ,144 , 95 ,88 ,0 ,0 ,0 ,0 ,122 ,174 ,244 ,55 ,200 ,237 ,255 ,255 ,  5 ,  0 ,  0 ,  0 ,90 ,143 ,90 ,143 ,90 ,143 ,254 ,255 ,  3 ,  0 ,253 ,255 ,104 ,1 ,170 ,3 ,194 ,0 ,211 ,165 ,191 ,55 , 65 ,119 ,0 ,0 ,
4 ,0 ,4 ,0 ,23 ,0 ,0 ,0 ,16 ,0 ,69 ,0 ,8 ,254 ,29 ,16 ,1 ,58 ,62 ,8 ,14 ,26 ,58 ,1 ,128 ,169 , 52 , 66 ,170 ,35 ,0 ,0 ,3 ,4 , 67 ,  9 , 44 , 96 ,88 ,0 ,0 ,0 ,0 ,121 ,174 ,247 ,55 ,199 ,237 ,  0 ,  0 ,  3 ,  0 ,  2 ,  0 ,90 ,143 ,90 ,143 ,90 ,143 ,250 ,255 ,  3 ,  0 ,  0 ,  0 ,104 ,1 ,170 ,3 ,194 ,0 ,149 , 41 ,156 ,55 , 73 ,119 ,0 ,0 ,
4 ,0 ,4 ,0 ,23 ,0 ,0 ,0 ,16 ,0 ,69 ,0 ,8 ,255 ,29 ,16 ,1 ,58 ,62 ,8 ,14 ,26 ,58 ,1 ,152 ,142 ,148 , 68 ,170 ,35 ,0 ,0 ,3 ,4 , 67 ,168 ,199 , 96 ,88 ,0 ,0 ,0 ,0 ,120 ,174 ,249 ,55 ,195 ,237 ,254 ,255 ,  4 ,  0 ,255 ,255 ,90 ,143 ,90 ,143 ,90 ,143 ,252 ,255 ,  0 ,  0 ,  0 ,  0 ,105 ,1 ,170 ,3 ,195 ,0 ,115 ,176 ,156 ,55 , 81 ,119 ,0 ,0 ,
4 ,0 ,4 ,0 ,23 ,0 ,0 ,0 ,16 ,0 ,69 ,0 ,8 ,128 ,30 ,16 ,1 ,58 ,62 ,8 ,14 ,26 ,58 ,1 ,176 ,115 ,244 , 70 ,170 ,35 ,0 ,0 ,3 ,4 , 67 , 71 , 99 , 97 ,88 ,0 ,0 ,0 ,0 ,116 ,174 ,247 ,55 ,192 ,237 ,252 ,255 ,  1 ,  0 ,253 ,255 ,90 ,143 ,90 ,143 ,90 ,143 ,250 ,255 ,  3 ,  0 ,  0 ,  0 ,105 ,1 ,170 ,3 ,195 ,0 ,252 , 83 ,137 ,55 , 89 ,119 ,0 ,0 ,
4 ,0 ,4 ,0 ,23 ,0 ,0 ,0 ,16 ,0 ,69 ,0 ,8 ,129 ,30 ,16 ,1 ,58 ,62 ,8 ,14 ,26 ,58 ,1 ,200 , 88 , 84 , 73 ,170 ,35 ,0 ,0 ,3 ,4 , 67 ,230 ,254 , 97 ,88 ,0 ,0 ,0 ,0 ,111 ,174 ,247 ,55 ,186 ,237 ,  0 ,  0 ,  3 ,  0 ,252 ,255 ,90 ,143 ,90 ,143 ,90 ,143 ,252 ,255 ,  2 ,  0 ,254 ,255 ,105 ,1 ,170 ,3 ,195 ,0 ,156 ,192 , 38 ,55 , 97 ,119 ,0 ,0 ,
4 ,0 ,4 ,0 ,23 ,0 ,0 ,0 ,16 ,0 ,69 ,0 ,8 ,130 ,30 ,16 ,1 ,58 ,62 ,8 ,14 ,26 ,58 ,1 ,248 , 57 ,180 , 75 ,170 ,35 ,0 ,0 ,3 ,4 , 67 ,132 ,154 , 98 ,88 ,0 ,0 ,0 ,0 ,108 ,174 ,245 ,55 ,181 ,237 ,252 ,255 ,  8 ,  0 ,  2 ,  0 ,90 ,143 ,90 ,143 ,90 ,143 ,250 ,255 ,  0 ,  0 ,  1 ,  0 ,105 ,1 ,170 ,3 ,195 ,0 , 79 ,197 ,170 ,54 ,105 ,119 ,0 ,0 ,
4 ,0 ,4 ,0 ,23 ,0 ,0 ,0 ,16 ,0 ,69 ,0 ,8 ,131 ,30 ,16 ,1 ,58 ,62 ,8 ,14 ,26 ,58 ,1 , 16 , 31 , 20 , 78 ,170 ,35 ,0 ,0 ,3 ,4 , 67 , 35 , 54 , 99 ,88 ,0 ,0 ,0 ,0 ,106 ,174 ,252 ,55 ,174 ,237 ,254 ,255 ,  9 ,  0 ,  0 ,  0 ,90 ,143 ,90 ,143 ,90 ,143 ,251 ,255 ,  0 ,  0 ,  0 ,  0 ,105 ,1 ,170 ,3 ,195 ,0 , 56 ,209 ,102 ,54 ,113 ,119 ,0 ,0 ,
4 ,0 ,4 ,0 ,23 ,0 ,0 ,0 ,16 ,0 ,69 ,0 ,8 ,132 ,30 ,16 ,1 ,58 ,62 ,8 ,14 ,26 ,58 ,1 , 40 ,  4 ,116 , 80 ,170 ,35 ,0 ,0 ,3 ,4 , 67 ,194 ,209 , 99 ,88 ,0 ,0 ,0 ,0 ,104 ,174 ,  2 ,56 ,169 ,237 ,255 ,255 ,  6 ,  0 ,  0 ,  0 ,90 ,143 ,90 ,143 ,90 ,143 ,253 ,255 ,  3 ,  0 ,  1 ,  0 ,105 ,1 ,170 ,3 ,196 ,0 ,182 ,102 ,116 ,54 ,121 ,119 ,0 ,0 ,
4 ,0 ,4 ,0 ,23 ,0 ,0 ,0 ,16 ,0 ,69 ,0 ,8 ,133 ,30 ,16 ,1 ,58 ,62 ,8 ,14 ,26 ,58 ,1 , 64 ,233 ,211 , 82 ,170 ,35 ,0 ,0 ,3 ,4 , 67 , 97 ,109 ,100 ,88 ,0 ,0 ,0 ,0 ,105 ,174 , 12 ,56 ,164 ,237 ,255 ,255 ,  7 ,  0 ,  7 ,  0 ,91 ,143 ,91 ,143 ,91 ,143 ,  0 ,  0 ,  1 ,  0 ,  0 ,  0 ,105 ,1 ,170 ,3 ,196 ,0 , 78 ,232 ,109 ,54 ,129 ,119 ,0 ,0 ,
4 ,0 ,4 ,0 ,23 ,0 ,0 ,0 ,16 ,0 ,69 ,0 ,8 ,134 ,30 ,16 ,1 ,58 ,62 ,8 ,14 ,26 ,58 ,1 , 88 ,206 , 51 , 85 ,170 ,35 ,0 ,0 ,3 ,4 , 67 ,  0 ,  9 ,101 ,88 ,0 ,0 ,0 ,0 ,110 ,174 , 24 ,56 ,165 ,237 ,255 ,255 ,  5 ,  0 , 13 ,  0 ,91 ,143 ,91 ,143 ,91 ,143 ,  0 ,  0 ,  1 ,  0 ,  0 ,  0 ,105 ,1 ,170 ,3 ,196 ,0 , 77 , 30 ,117 ,54 ,137 ,119 ,0 ,0 ,
4 ,0 ,4 ,0 ,23 ,0 ,0 ,0 ,16 ,0 ,69 ,0 ,8 ,135 ,30 ,16 ,1 ,58 ,62 ,8 ,14 ,26 ,58 ,1 ,136 ,175 ,147 , 87 ,170 ,35 ,0 ,0 ,3 ,4 , 67 ,158 ,164 ,101 ,88 ,0 ,0 ,0 ,0 ,114 ,174 , 31 ,56 ,171 ,237 ,  0 ,  0 ,255 ,255 ,  6 ,  0 ,91 ,143 ,91 ,143 ,91 ,143 ,253 ,255 ,  2 ,  0 ,  0 ,  0 ,106 ,1 ,170 ,3 ,196 ,0 ,156 ,186 ,140 ,54 ,145 ,119 ,0 ,0 ,
4 ,0 ,4 ,0 ,23 ,0 ,0 ,0 ,16 ,0 ,69 ,0 ,8 ,136 ,30 ,16 ,1 ,58 ,62 ,8 ,14 ,26 ,58 ,1 ,160 ,148 ,243 , 89 ,170 ,35 ,0 ,0 ,3 ,4 , 67 , 61 , 64 ,102 ,88 ,0 ,0 ,0 ,0 ,117 ,174 , 35 ,56 ,176 ,237 ,255 ,255 ,  0 ,  0 ,  8 ,  0 ,91 ,143 ,91 ,143 ,91 ,143 ,254 ,255 ,  0 ,  0 ,  0 ,  0 ,106 ,1 ,169 ,3 ,197 ,0 , 78 ,198 , 91 ,54 ,153 ,119 ,0 ,0 ,
4 ,0 ,4 ,0 ,23 ,0 ,0 ,0 ,16 ,0 ,69 ,0 ,8 ,137 ,30 ,16 ,1 ,58 ,62 ,8 ,14 ,26 ,58 ,1 ,184 ,121 , 83 , 92 ,170 ,35 ,0 ,0 ,3 ,4 , 67 ,220 ,219 ,102 ,88 ,0 ,0 ,0 ,0 ,121 ,174 , 39 ,56 ,180 ,237 ,  3 ,  0 ,254 ,255 ,  7 ,  0 ,91 ,143 ,91 ,143 ,91 ,143 ,253 ,255 ,253 ,255 ,252 ,255 ,106 ,1 ,169 ,3 ,197 ,0 , 30 ,117 ,124 ,54 ,161 ,119 ,0 ,0 ,
4 ,0 ,4 ,0 ,23 ,0 ,0 ,0 ,16 ,0 ,69 ,0 ,8 ,138 ,30 ,16 ,1 ,58 ,62 ,8 ,14 ,26 ,58 ,1 ,208 , 94 ,179 , 94 ,170 ,35 ,0 ,0 ,3 ,4 , 67 ,123 ,119 ,103 ,88 ,0 ,0 ,0 ,0 ,126 ,174 , 39 ,56 ,187 ,237 ,  2 ,  0 ,249 ,255 ,  0 ,  0 ,91 ,143 ,91 ,143 ,91 ,143 ,254 ,255 ,  0 ,  0 ,  1 ,  0 ,106 ,1 ,169 ,3 ,197 ,0 ,  9 ,  1 ,148 ,54 ,169 ,119 ,0 ,0 ,
4 ,0 ,4 ,0 ,23 ,0 ,0 ,0 ,16 ,0 ,69 ,0 ,8 ,139 ,30 ,16 ,1 ,58 ,62 ,8 ,14 ,26 ,58 ,1 ,  0 , 64 , 19 , 97 ,170 ,35 ,0 ,0 ,3 ,4 , 67 , 25 , 19 ,104 ,88 ,0 ,0 ,0 ,0 ,125 ,174 , 39 ,56 ,185 ,237 ,  0 ,  0 , 12 ,  0 ,250 ,255 ,91 ,143 ,91 ,143 ,91 ,143 ,253 ,255 ,  8 ,  0 ,  2 ,  0 ,107 ,1 ,169 ,3 ,197 ,0 ,155 , 58 , 31 ,55 ,177 ,119 ,0 ,0 ,
4 ,0 ,4 ,0 ,23 ,0 ,0 ,0 ,16 ,0 ,69 ,0 ,8 ,140 ,30 ,16 ,1 ,58 ,62 ,8 ,14 ,26 ,58 ,1 , 24 , 37 ,115 , 99 ,170 ,35 ,0 ,0 ,3 ,4 , 67 ,184 ,174 ,104 ,88 ,0 ,0 ,0 ,0 ,126 ,174 , 43 ,56 ,168 ,237 ,  0 ,  0 , 10 ,  0 ,255 ,255 ,91 ,143 ,91 ,143 ,91 ,143 ,253 ,255 ,  0 ,  0 ,  2 ,  0 ,107 ,1 ,169 ,3 ,197 ,0 , 12 ,184 , 51 ,55 ,185 ,119 ,0 ,0 ,
4 ,0 ,4 ,0 ,23 ,0 ,0 ,0 ,16 ,0 ,69 ,0 ,8 ,141 ,30 ,16 ,1 ,58 ,62 ,8 ,14 ,26 ,58 ,1 , 48 , 10 ,211 ,101 ,170 ,35 ,0 ,0 ,3 ,4 , 67 , 87 , 74 ,105 ,88 ,0 ,0 ,0 ,0 ,128 ,174 , 48 ,56 ,158 ,237 ,  1 ,  0 ,  7 ,  0 ,  0 ,  0 ,91 ,143 ,91 ,143 ,91 ,143 ,252 ,255 ,  0 ,  0 ,  0 ,  0 ,107 ,1 ,169 ,3 ,198 ,0 ,226 ,237 , 35 ,55 ,193 ,119 ,0 ,0 ,
4 ,0 ,4 ,0 ,23 ,0 ,0 ,0 ,16 ,0 ,69 ,0 ,8 ,142 ,30 ,16 ,1 ,58 ,62 ,8 ,14 ,26 ,58 ,1 , 72 ,239 , 50 ,104 ,170 ,35 ,0 ,0 ,3 ,4 , 67 ,246 ,229 ,105 ,88 ,0 ,0 ,0 ,0 ,130 ,174 , 49 ,56 ,155 ,237 ,  6 ,  0 ,252 ,255 ,255 ,255 ,91 ,143 ,91 ,143 ,91 ,143 ,253 ,255 ,  4 ,  0 ,255 ,255 ,107 ,1 ,169 ,3 ,198 ,0 , 74 ,141 , 51 ,55 ,201 ,119 ,0 ,0 ,
4 ,0 ,4 ,0 ,23 ,0 ,0 ,0 ,16 ,0 ,69 ,0 ,8 ,143 ,30 ,16 ,1 ,58 ,62 ,8 ,14 ,26 ,58 ,1 , 96 ,212 ,146 ,106 ,170 ,35 ,0 ,0 ,3 ,4 , 67 ,149 ,129 ,106 ,88 ,0 ,0 ,0 ,0 ,132 ,174 , 44 ,56 ,155 ,237 ,  0 ,  0 ,254 ,255 ,  5 ,  0 ,91 ,143 ,91 ,143 ,91 ,143 ,250 ,255 ,  0 ,  0 ,  3 ,  0 ,107 ,1 ,169 ,3 ,198 ,0 ,108 , 89 , 58 ,55 ,209 ,119 ,0 ,0 ,
4 ,0 ,4 ,0 ,23 ,0 ,0 ,0 ,16 ,0 ,69 ,0 ,8 ,144 ,30 ,16 ,1 ,58 ,62 ,8 ,14 ,26 ,58 ,1 ,144 ,181 ,242 ,108 ,170 ,35 ,0 ,0 ,3 ,4 , 67 , 51 , 29 ,107 ,88 ,0 ,0 ,0 ,0 ,137 ,174 , 51 ,56 ,157 ,237 ,  0 ,  0 ,  1 ,  0 , 11 ,  0 ,91 ,143 ,91 ,143 ,91 ,143 ,255 ,255 ,  1 ,  0 ,251 ,255 ,107 ,1 ,169 ,3 ,198 ,0 , 73 , 96 , 42 ,55 ,217 ,119 ,0 ,0 ,
4 ,0 ,4 ,0 ,23 ,0 ,0 ,0 ,16 ,0 ,69 ,0 ,8 ,145 ,30 ,16 ,1 ,58 ,62 ,8 ,14 ,26 ,58 ,1 ,168 ,154 , 82 ,111 ,170 ,35 ,0 ,0 ,3 ,4 , 67 ,210 ,184 ,107 ,88 ,0 ,0 ,0 ,0 ,142 ,174 , 52 ,56 ,165 ,237 ,  0 ,  0 ,  0 ,  0 , 13 ,  0 ,92 ,143 ,92 ,143 ,92 ,143 ,252 ,255 ,254 ,255 ,255 ,255 ,107 ,1 ,169 ,3 ,198 ,0 ,110 , 79 ,252 ,54 ,225 ,119 ,0 ,0 ,
4 ,0 ,4 ,0 ,23 ,0 ,0 ,0 ,16 ,0 ,69 ,0 ,8 ,146 ,30 ,16 ,1 ,58 ,62 ,8 ,14 ,26 ,58 ,1 ,192 ,127 ,178 ,113 ,170 ,35 ,0 ,0 ,3 ,4 , 67 ,113 , 84 ,108 ,88 ,0 ,0 ,0 ,0 ,144 ,174 , 57 ,56 ,169 ,237 ,  1 ,  0 ,  3 ,  0 ,  3 ,  0 ,92 ,143 ,92 ,143 ,92 ,143 ,252 ,255 ,  1 ,  0 ,254 ,255 ,107 ,1 ,169 ,3 ,198 ,0 ,  9 ,141 ,186 ,54 ,233 ,119 ,0 ,0 ,
4 ,0 ,4 ,0 ,23 ,0 ,0 ,0 ,16 ,0 ,69 ,0 ,8 ,147 ,30 ,16 ,1 ,58 ,62 ,8 ,14 ,26 ,58 ,1 ,216 ,100 , 18 ,116 ,170 ,35 ,0 ,0 ,3 ,4 , 67 , 16 ,240 ,108 ,88 ,0 ,0 ,0 ,0 ,146 ,174 , 59 ,56 ,170 ,237 ,  0 ,  0 ,  2 ,  0 ,  3 ,  0 ,92 ,143 ,92 ,143 ,92 ,143 ,250 ,255 ,255 ,255 ,  0 ,  0 ,107 ,1 ,169 ,3 ,198 ,0 , 93 ,173 ,187 ,54 ,241 ,119 ,0 ,0 ,
4 ,0 ,4 ,0 ,23 ,0 ,0 ,0 ,16 ,0 ,69 ,0 ,8 ,148 ,30 ,16 ,1 ,58 ,62 ,8 ,14 ,26 ,58 ,1 ,  8 , 70 ,114 ,118 ,170 ,35 ,0 ,0 ,3 ,4 , 67 ,174 ,139 ,109 ,88 ,0 ,0 ,0 ,0 ,150 ,174 , 71 ,56 ,167 ,237 ,255 ,255 ,  7 ,  0 ,  5 ,  0 ,92 ,143 ,92 ,143 ,92 ,143 ,  0 ,  0 ,  0 ,  0 ,253 ,255 ,108 ,1 ,168 ,3 ,198 ,0 ,108 ,226 ,176 ,54 ,249 ,119 ,0 ,0 ,